  0.0000000e+000  9.5465835e-001  0.0000000e+000  0.0000000e+000
  1.0000000e+000  9.3562875e-001  1.0000000e+000  5.9144573e-002
  2.0000000e+000  8.7929857e-001  2.0000000e+000  1.1593124e-001
  3.0000000e+000  7.8791354e-001  3.0000000e+000  1.6809609e-001
  4.0000000e+000  6.6511688e-001  4.0000000e+000  2.1355948e-001
  5.0000000e+000  5.1580411e-001  5.0000000e+000  2.5050893e-001
  6.0000000e+000  3.4592786e-001  6.0000000e+000  2.7747138e-001
  7.0000000e+000  1.6226055e-001  7.0000000e+000  2.9337192e-001
  8.0000000e+000 -2.7875568e-002  8.0000000e+000  2.9757665e-001
  9.0000000e+000 -2.1690038e-001  9.0000000e+000  2.8991794e-001
  1.0000000e+001 -3.9727805e-001  1.0000000e+001  2.7070111e-001
  1.1000000e+001 -5.6181751e-001  1.1000000e+001  2.4069228e-001
  1.2000000e+001 -7.0395907e-001  1.2000000e+001  2.0108781e-001
  1.3000000e+001 -8.1803601e-001  1.3000000e+001  1.5346661e-001
  1.4000000e+001 -8.9950043e-001  1.4000000e+001  9.9727175e-002
  1.5000000e+001 -9.4510461e-001  1.5000000e+001  4.2011933e-002
  1.6000000e+001 -9.5303045e-001  1.6000000e+001 -1.7378192e-002
  1.7000000e+001 -9.2296197e-001  1.7000000e+001 -7.6075503e-002
  1.8000000e+001 -8.5609791e-001  1.8000000e+001 -1.3173992e-001
  1.9000000e+001 -7.5510393e-001  1.9000000e+001 -1.8215229e-001
  2.0000000e+001 -6.2400634e-001  2.0000000e+001 -2.2530282e-001
  2.1000000e+001 -4.6803159e-001  2.1000000e+001 -2.5947124e-001
  2.2000000e+001 -2.9339789e-001  2.2000000e+001 -2.8329535e-001
  2.3000000e+001 -1.0706735e-001  2.3000000e+001 -2.9582538e-001
  2.4000000e+001  8.3531636e-002  2.4000000e+001 -2.9656178e-001
  2.5000000e+001  2.7080048e-001  2.5000000e+001 -2.8547520e-001
  2.6000000e+001  4.4727335e-001  2.6000000e+001 -2.6300762e-001
  2.7000000e+001  6.0591486e-001  2.7000000e+001 -2.3005476e-001
  2.8000000e+001  7.4040045e-001  2.8000000e+001 -1.8793034e-001
  2.9000000e+001  8.4536860e-001  2.9000000e+001 -1.3831374e-001
  3.0000000e+001  9.1663459e-001  3.0000000e+001 -8.3182997e-002
  3.1000000e+001  9.5135724e-001  3.1000000e+001 -2.4736013e-002
  3.2000000e+001  9.4815228e-001  3.2000000e+001  3.4697117e-002
  3.3000000e+001  9.0714748e-001  3.3000000e+001  9.2746982e-002
  3.4000000e+001  8.2997758e-001  3.4000000e+001  1.4709932e-001
  3.5000000e+001  7.1971909e-001  3.5000000e+001  1.9558727e-001
  3.6000000e+001  5.8076766e-001  3.6000000e+001  2.3627777e-001
  3.7000000e+001  4.1866287e-001  3.7000000e+001  2.6754863e-001
  3.8000000e+001  2.3986731e-001  3.8000000e+001  2.8815316e-001
  3.9000000e+001  5.1508993e-002  3.9000000e+001  2.9726994e-001
  4.0000000e+001 -1.3890282e-001  4.0000000e+001  2.9453550e-001
  4.1000000e+001 -3.2377702e-001  4.1000000e+001  2.8005886e-001
  4.2000000e+001 -4.9574325e-001  4.2000000e+001  2.5441716e-001
  4.3000000e+001 -6.4794576e-001  4.3000000e+001  2.1863265e-001
  4.4000000e+001 -7.7431672e-001  4.4000000e+001  1.7413195e-001
  4.5000000e+001 -8.6981812e-001  4.5000000e+001  1.2268915e-001
  4.6000000e+001 -9.3064261e-001  4.6000000e+001  6.6355127e-002
  4.7000000e+001 -9.5436531e-001  4.7000000e+001  7.3757331e-003
  4.8000000e+001 -9.4004049e-001  4.8000000e+001 -5.1897708e-002
  4.9000000e+001 -8.8823921e-001  4.9000000e+001 -1.0910215e-001
  5.0000000e+001 -8.0102664e-001  5.0000000e+001 -1.6195704e-001
  5.1000000e+001 -6.8187967e-001  5.1000000e+001 -2.0835521e-001
  5.2000000e+001 -5.3554831e-001  5.2000000e+001 -2.4644691e-001
  5.3000000e+001 -3.6786632e-001  5.3000000e+001 -2.7471356e-001
  5.4000000e+001 -1.8551867e-001  5.4000000e+001 -2.9202824e-001
  5.5000000e+001  4.2250296e-003  5.5000000e+001 -2.9770067e-001
  5.6000000e+001  1.9380029e-001  5.6000000e+001 -2.9150472e-001
  5.7000000e+001  3.7564934e-001  5.7000000e+001 -2.7368740e-001
  5.8000000e+001  5.4252244e-001  5.8000000e+001 -2.4495903e-001
  5.9000000e+001  6.8776688e-001  5.9000000e+001 -2.0646491e-001
  6.0000000e+001  8.0559223e-001  6.0000000e+001 -1.5973968e-001
  6.1000000e+001  8.9130116e-001  6.1000000e+001 -1.0664614e-001
  6.2000000e+001  9.4147672e-001  6.2000000e+001 -4.9300957e-002
  6.3000000e+001  9.5411858e-001  6.3000000e+001  1.0009702e-002
  6.4000000e+001  9.2872274e-001  6.4000000e+001  6.8921306e-002
  6.5000000e+001  8.6630165e-001  6.5000000e+001  1.2508524e-001
  6.6000000e+001  7.6934385e-001  6.6000000e+001  1.7626241e-001
  6.7000000e+001  6.4171474e-001  6.7000000e+001  2.2041256e-001
  6.8000000e+001  4.8850249e-001  6.8000000e+001  2.5577556e-001
  6.9000000e+001  3.1581519e-001  6.9000000e+001  2.8094159e-001
  7.0000000e+001  1.3053733e-001  7.0000000e+001  2.9490737e-001
  7.1000000e+001 -5.9944643e-002  7.1000000e+001  2.9711612e-001
  7.2000000e+001 -2.4803681e-001  7.2000000e+001  2.8747979e-001
  7.3000000e+001 -4.2624053e-001  7.3000000e+001  2.6638254e-001
  7.4000000e+001 -5.8745139e-001  7.4000000e+001  2.3466547e-001
  7.5000000e+001 -7.2524241e-001  7.5000000e+001  1.9359302e-001
  7.6000000e+001 -8.3412031e-001  7.6000000e+001  1.4480264e-001
  7.7000000e+001 -9.0974446e-001  7.7000000e+001  9.0239423e-002
  7.8000000e+001 -9.4909998e-001  7.8000000e+001  3.2078649e-002
  7.9000000e+001 -9.5061787e-001  7.9000000e+001 -2.7360999e-002
  8.0000000e+001 -9.1423762e-001  8.0000000e+001 -8.5709851e-002
  8.1000000e+001 -8.4140961e-001  8.1000000e+001 -1.4064172e-001
  8.2000000e+001 -7.3503725e-001  8.2000000e+001 -1.8996665e-001
  8.3000000e+001 -5.9936128e-001  8.3000000e+001 -2.3171821e-001
  8.4000000e+001 -4.3979066e-001  8.4000000e+001 -2.6423189e-001
  8.5000000e+001 -2.6268698e-001  8.5000000e+001 -2.8621148e-001
  8.6000000e+001 -7.5110796e-002  8.6000000e+001 -2.9678073e-001
  8.7000000e+001  1.1545982e-001  8.7000000e+001 -2.9551826e-001
  8.8000000e+001  3.0142741e-001  8.8000000e+001 -2.8247441e-001
  8.9000000e+001  4.7537805e-001  8.9000000e+001 -2.5816920e-001
  9.0000000e+001  6.3037686e-001  9.0000000e+001 -2.2357160e-001
  9.1000000e+001  7.6024454e-001  9.1000000e+001 -1.8006090e-001
  9.2000000e+001  8.5980366e-001  9.2000000e+001 -1.2937175e-001
  9.3000000e+001  9.2508513e-001  9.3000000e+001 -7.3524946e-002
  9.4000000e+001  9.5348637e-001  9.4000000e+001 -1.4746938e-002
  9.5000000e+001  9.4387512e-001  9.5000000e+001  4.4618983e-002
  9.6000000e+001  8.9663455e-001  9.6000000e+001  1.0220609e-001
  9.7000000e+001  8.1364799e-001  9.7000000e+001  1.5571856e-001
  9.8000000e+001  6.9822385e-001  9.8000000e+001  2.0302302e-001
  9.9000000e+001  5.5496372e-001  9.9000000e+001  2.4223359e-001
  1.0000000e+002  3.8957895e-001  1.0000000e+002  2.7178708e-001
