 -4.0808206e-001  3.2200000e+000
 -3.5808206e-001  1.3260000e+000
 -3.0808206e-001  1.1320000e+000
 -2.5808206e-001  1.0000000e+000
 -2.0808206e-001  8.9400000e-001
 -1.5808206e-001  8.9200000e-001
 -1.0808206e-001  8.0200000e-001
 -5.8082062e-002  7.6400000e-001
 -8.0820618e-003  7.1200000e-001
  4.1917938e-002  7.8400000e-001
  9.1917938e-002  8.0400000e-001
  1.4191794e-001  8.5600000e-001
  1.9191794e-001  9.2200000e-001
  2.4191794e-001  9.9600000e-001
  2.9191794e-001  1.2480000e+000
  3.4191794e-001  1.8260000e+000
 -9.1294525e-001  2.1080000e+000
 -8.6294525e-001  9.3400000e-001
 -8.1294525e-001  6.9800000e-001
 -7.6294525e-001  5.5800000e-001
 -7.1294525e-001  5.4600000e-001
 -6.6294525e-001  4.9400000e-001
 -6.1294525e-001  4.4000000e-001
 -5.6294525e-001  4.4800000e-001
 -5.1294525e-001  4.1800000e-001
 -4.6294525e-001  3.9400000e-001
 -4.1294525e-001  3.7600000e-001
 -3.6294525e-001  3.3400000e-001
 -3.1294525e-001  2.9000000e-001
 -2.6294525e-001  3.7200000e-001
 -2.1294525e-001  4.1200000e-001
 -1.6294525e-001  2.8800000e-001
 -1.1294525e-001  3.8000000e-001
 -6.2945251e-002  3.6800000e-001
 -1.2945251e-002  3.9000000e-001
  3.7054749e-002  3.9400000e-001
  8.7054749e-002  3.3600000e-001
  1.3705475e-001  3.5000000e-001
  1.8705475e-001  3.5200000e-001
  2.3705475e-001  3.9000000e-001
  2.8705475e-001  4.1600000e-001
  3.3705475e-001  3.8400000e-001
  3.8705475e-001  3.7400000e-001
  4.3705475e-001  3.3000000e-001
  4.8705475e-001  4.1200000e-001
  5.3705475e-001  4.7200000e-001
  5.8705475e-001  4.4000000e-001
  6.3705475e-001  4.9600000e-001
  6.8705475e-001  5.6600000e-001
  7.3705475e-001  7.0800000e-001
  7.8705475e-001  7.3800000e-001
  8.3705475e-001  1.1300000e+000
