  0.0000000e+000  1.0000000e+000  0.0000000e+000  1.0000000e+000
  1.0000000e-003  9.9862859e-001  1.0000000e-003  9.6319707e-001
  2.0000000e-003  9.8237579e-001  2.0000000e-003  9.0857898e-001
  3.0000000e-003  9.5190723e-001  3.0000000e-003  8.3738759e-001
  4.0000000e-003  9.0832029e-001  4.0000000e-003  7.5124182e-001
  5.0000000e-003  8.5310667e-001  5.0000000e-003  6.5209567e-001
  6.0000000e-003  7.8810199e-001  6.0000000e-003  5.4218785e-001
  7.0000000e-003  7.1542420e-001  7.0000000e-003  4.2398457e-001
  8.0000000e-003  6.3740285e-001  8.0000000e-003  3.0011685e-001
  9.0000000e-003  5.5650160e-001  9.0000000e-003  1.7331428e-001
  1.0000000e-002  4.7523659e-001  1.0000000e-002  4.6336787e-002
  1.1000000e-002  3.9609336e-001  1.1000000e-002  7.8093588e-002
  1.2000000e-002  3.2144514e-001  1.2000000e-002  1.9735917e-001
  1.3000000e-002  2.5347525e-001  1.3000000e-002  3.0900966e-001
  1.4000000e-002  1.9410607e-001  1.4000000e-002  4.1081996e-001
  1.5000000e-002  1.4493710e-001  1.5000000e-002  5.0084150e-001
  1.6000000e-002  1.0719413e-001  1.6000000e-002  5.7744553e-001
  1.7000000e-002  8.1690969e-002  1.7000000e-002  6.3935764e-001
  1.8000000e-002  6.8805344e-002  1.8000000e-002  6.8568243e-001
  1.9000000e-002  6.8469404e-002  1.9000000e-002  7.1591803e-001
  2.0000000e-002  8.0175279e-002  2.0000000e-002  7.2996008e-001
  2.1000000e-002  1.0299541e-001  2.1000000e-002  7.2809538e-001
  2.2000000e-002  1.3561691e-001  2.2000000e-002  7.1098541e-001
  2.3000000e-002  1.7638876e-001  2.3000000e-002  6.7964047e-001
  2.4000000e-002  2.2338024e-001  2.4000000e-002  6.3538515e-001
  2.5000000e-002  2.7444851e-001  2.5000000e-002  5.7981644e-001
  2.6000000e-002  3.2731317e-001  2.6000000e-002  5.1475547e-001
  2.7000000e-002  3.7963510e-001  2.7000000e-002  4.4219461e-001
  2.8000000e-002  4.2909707e-001  2.8000000e-002  3.6424121e-001
  2.9000000e-002  4.7348330e-001  2.9000000e-002  2.8305973e-001
  3.0000000e-002  5.1075529e-001  3.0000000e-002  2.0081376e-001
  3.1000000e-002  5.3912143e-001  3.1000000e-002  1.1960965e-001
  3.2000000e-002  5.5709806e-001  3.2000000e-002  4.1443092e-002
  3.3000000e-002  5.6355988e-001  3.3000000e-002  3.1849796e-002
  3.4000000e-002  5.5777812e-001  3.4000000e-002  9.8635795e-002
  3.5000000e-002  5.3944517e-001  3.5000000e-002  1.5752114e-001
  3.6000000e-002  5.0868494e-001  3.6000000e-002  2.0738053e-001
  3.7000000e-002  4.6604860e-001  3.7000000e-002  2.4737796e-001
  3.8000000e-002  4.1249588e-001  3.8000000e-002  2.7697902e-001
  3.9000000e-002  3.4936268e-001  3.9000000e-002  2.9595452e-001
  4.0000000e-002  2.7831605e-001  4.0000000e-002  3.0437560e-001
  4.1000000e-002  2.0129810e-001  4.1000000e-002  3.0260064e-001
  4.2000000e-002  1.2046091e-001  4.2000000e-002  2.9125466e-001
  4.3000000e-002  3.8094371e-002  4.3000000e-002  2.7120186e-001
  4.4000000e-002  4.3450205e-002  4.4000000e-002  2.4351241e-001
  4.5000000e-002  1.2183849e-001  4.5000000e-002  2.0942450e-001
  4.6000000e-002  1.9483065e-001  4.6000000e-002  1.7030290e-001
  4.7000000e-002  2.6035548e-001  4.7000000e-002  1.2759531e-001
  4.8000000e-002  3.1657864e-001  4.8000000e-002  8.2787797e-002
  4.9000000e-002  3.6196273e-001  4.9000000e-002  3.7360694e-002
  5.0000000e-002  3.9531721e-001  5.0000000e-002  7.2539022e-003
  5.1000000e-002  4.1583656e-001  5.1000000e-002  4.9711760e-002
  5.2000000e-002  4.2312537e-001  5.2000000e-002  8.8792236e-002
  5.3000000e-002  4.1720963e-001  5.3000000e-002  1.2342920e-001
  5.4000000e-002  3.9853392e-001  5.4000000e-002  1.5273634e-001
  5.5000000e-002  3.6794460e-001  5.5000000e-002  1.7602642e-001
  5.6000000e-002  3.2665967e-001  5.6000000e-002  1.9282393e-001
  5.7000000e-002  2.7622636e-001  5.7000000e-002  2.0287109e-001
  5.8000000e-002  2.1846797e-001  5.8000000e-002  2.0612724e-001
  5.9000000e-002  1.5542174e-001  5.9000000e-002  2.0276182e-001
  6.0000000e-002  8.9270025e-002  6.0000000e-002  1.9314124e-001
  6.1000000e-002  2.2266890e-002  6.1000000e-002  1.7781048e-001
  6.2000000e-002  4.3337087e-002  6.2000000e-002  1.5746987e-001
  6.3000000e-002  1.0536949e-001  6.3000000e-002  1.3294807e-001
  6.4000000e-002  1.6180756e-001  6.4000000e-002  1.0517212e-001
  6.5000000e-002  2.1084423e-001  6.5000000e-002  7.5135533e-002
  6.6000000e-002  2.5094638e-001  6.6000000e-002  4.3865504e-002
  6.7000000e-002  2.8090349e-001  6.7000000e-002  1.2390233e-002
  6.8000000e-002  2.9986503e-001  6.8000000e-002  1.8292679e-002
  6.9000000e-002  3.0736552e-001  6.9000000e-002  4.7245796e-002
  7.0000000e-002  3.0333629e-001  7.0000000e-002  7.3618572e-002
  7.1000000e-002  2.8810378e-001  7.1000000e-002  9.6670504e-002
  7.2000000e-002  2.6237453e-001  7.2000000e-002  1.1579012e-001
  7.3000000e-002  2.2720735e-001  7.3000000e-002  1.3050935e-001
  7.4000000e-002  1.8397374e-001  7.4000000e-002  1.4051304e-001
  7.5000000e-002  1.3430809e-001  7.5000000e-002  1.4564334e-001
  7.6000000e-002  8.0049196e-002  7.6000000e-002  1.4589922e-001
  7.7000000e-002  2.3175415e-002  7.7000000e-002  1.4143105e-001
  7.8000000e-002  3.4264557e-002  7.8000000e-002  1.3253072e-001
  7.9000000e-002  9.0222706e-002  7.9000000e-002  1.1961774e-001
  8.0000000e-002  1.4272218e-001  8.0000000e-002  1.0322180e-001
  8.1000000e-002  1.8992480e-001  8.1000000e-002  8.3962512e-002
  8.2000000e-002  2.3019332e-001  8.2000000e-002  6.2527099e-002
  8.3000000e-002  2.6214639e-001  8.3000000e-002  3.9646661e-002
  8.4000000e-002  2.8470425e-001  8.4000000e-002  1.6071928e-002
  8.5000000e-002  2.9712389e-001  8.5000000e-002  7.4507823e-003
  8.6000000e-002  2.9902231e-001  8.6000000e-002  3.0202641e-002
  8.7000000e-002  2.9038733e-001  8.7000000e-002  5.1513733e-002
  8.8000000e-002  2.7157553e-001  8.8000000e-002  7.0782199e-002
  8.9000000e-002  2.4329761e-001  8.9000000e-002  8.7490584e-002
  9.0000000e-002  2.0659164e-001  9.0000000e-002  1.0121895e-001
  9.1000000e-002  1.6278528e-001  9.1000000e-002  1.1165444e-001
  9.2000000e-002  1.1344827e-001  9.2000000e-002  1.1859717e-001
  9.3000000e-002  6.0336889e-002  9.3000000e-002  1.2196226e-001
  9.4000000e-002  5.3324585e-003  9.4000000e-002  1.2177818e-001
  9.5000000e-002  4.9624172e-002  9.5000000e-002  1.1818157e-001
  9.6000000e-002  1.0259970e-001  9.6000000e-002  1.1140872e-001
  9.7000000e-002  1.5173476e-001  9.7000000e-002  1.0178422e-001
  9.8000000e-002  1.9530742e-001  9.8000000e-002  8.9707171e-002
  9.9000000e-002  2.3179147e-001  9.9000000e-002  7.5635465e-002
  1.0000000e-001  2.5990770e-001  1.0000000e-001  6.0068762e-002
  1.0100000e-001  2.7866633e-001  1.0100000e-001  4.3530706e-002
  1.0200000e-001  2.8739928e-001  1.0200000e-001  2.6551015e-002
  1.0300000e-001  2.8578116e-001  1.0300000e-001  9.6480088e-003
  1.0400000e-001  2.7383839e-001  1.0400000e-001  6.6878516e-003
  1.0500000e-001  2.5194622e-001  1.0500000e-001  2.2008918e-002
  1.0600000e-001  2.2081375e-001  1.0600000e-001  3.5923358e-002
  1.0700000e-001  1.8145771e-001  1.0700000e-001  4.8105835e-002
  1.0800000e-001  1.3516574e-001  1.0800000e-001  5.8305598e-002
  1.0900000e-001  8.3450755e-002  1.0900000e-001  6.6351781e-002
  1.1000000e-001  2.7997863e-002  1.1000000e-001  7.2155829e-002
  1.1100000e-001  2.9394249e-002  1.1100000e-001  7.5711063e-002
  1.1200000e-001  8.6875373e-002  1.1200000e-001  7.7089467e-002
  1.1300000e-001  1.4260714e-001  1.1300000e-001  7.6435903e-002
  1.1400000e-001  1.9482553e-001  1.1400000e-001  7.3960018e-002
  1.1500000e-001  2.4190027e-001  1.1500000e-001  6.9926169e-002
  1.1600000e-001  2.8238925e-001  1.1600000e-001  6.4641779e-002
  1.1700000e-001  3.1508603e-001  1.1700000e-001  5.8444542e-002
  1.1800000e-001  3.3905877e-001  1.1800000e-001  5.1688950e-002
  1.1900000e-001  3.5367951e-001  1.1900000e-001  4.4732611e-002
  1.2000000e-001  3.5864266e-001  1.2000000e-001  3.7922825e-002
  1.2100000e-001  3.5397227e-001  1.2100000e-001  3.1583875e-002
  1.2200000e-001  3.4001781e-001  1.2200000e-001  2.6005431e-002
  1.2300000e-001  3.1743882e-001  1.2300000e-001  2.1432461e-002
  1.2400000e-001  2.8717895e-001  1.2400000e-001  1.8056934e-002
  1.2500000e-001  2.5043037e-001  1.2500000e-001  1.6011572e-002
  1.2600000e-001  2.0858991e-001  1.2600000e-001  1.5365823e-002
  1.2700000e-001  1.6320853e-001  1.2700000e-001  1.6124152e-002
  1.2800000e-001  1.1593586e-001  1.2800000e-001  1.8226652e-002
  1.2900000e-001  6.8461783e-002  1.2900000e-001  2.1551941e-002
  1.3000000e-001  2.2457210e-002  1.3000000e-001  2.5922178e-002
  1.3100000e-001  2.0484005e-002  1.3100000e-001  3.1110037e-002
  1.3200000e-001  5.8899907e-002  1.3200000e-001  3.6847337e-002
  1.3300000e-001  9.1510190e-002  1.3300000e-001  4.2835052e-002
  1.3400000e-001  1.1725915e-001  1.3400000e-001  4.8754325e-002
  1.3500000e-001  1.3535039e-001  1.3500000e-001  5.4278132e-002
  1.3600000e-001  1.4527210e-001  1.3600000e-001  5.9083179e-002
  1.3700000e-001  1.4681216e-001  1.3700000e-001  6.2861661e-002
  1.3800000e-001  1.4006257e-001  1.3800000e-001  6.5332490e-002
  1.3900000e-001  1.2541305e-001  1.3900000e-001  6.6251625e-002
  1.4000000e-001  1.0353436e-001  1.4000000e-001  6.5421191e-002
  1.4100000e-001  7.5351662e-002  1.4100000e-001  6.2697091e-002
  1.4200000e-001  4.2009224e-002  1.4200000e-001  5.7994884e-002
  1.4300000e-001  4.8276024e-003  1.4300000e-001  5.1293754e-002
  1.4400000e-001  3.4745086e-002  1.4400000e-001  4.2638448e-002
  1.4500000e-001  7.5186043e-002  1.4500000e-001  3.2139150e-002
  1.4600000e-001  1.1495294e-001  1.4600000e-001  1.9969286e-002
  1.4700000e-001  1.5253939e-001  1.4700000e-001  6.3613553e-003
  1.4800000e-001  1.8652873e-001  1.4800000e-001  8.3990788e-003
  1.4900000e-001  2.1564429e-001  1.4900000e-001  2.3981056e-002
