  0.0000000e+000  1.0000000e+000  0.0000000e+000  1.0000000e+000
  1.0000000e-003  9.7798681e-001  1.0000000e-003  9.9875198e-001
  2.0000000e-003  9.3997207e-001  2.0000000e-003  9.7954141e-001
  3.0000000e-003  8.8714744e-001  3.0000000e-003  9.4273103e-001
  4.0000000e-003  8.2114417e-001  4.0000000e-003  8.8908183e-001
  5.0000000e-003  7.4397943e-001  5.0000000e-003  8.1973470e-001
  6.0000000e-003  6.5799034e-001  6.0000000e-003  7.3618239e-001
  7.0000000e-003  5.6575750e-001  7.0000000e-003  6.4023276e-001
  8.0000000e-003  4.7002094e-001  8.0000000e-003  5.3396409e-001
  9.0000000e-003  3.7359094e-001  9.0000000e-003  4.1967379e-001
  1.0000000e-002  2.7925699e-001  1.0000000e-002  2.9982179e-001
  1.1000000e-002  1.8969759e-001  1.1000000e-002  1.7697019e-001
  1.2000000e-002  1.0739421e-001  1.2000000e-002  5.3720659e-002
  1.3000000e-002  3.4551966e-002  1.3000000e-002  6.7348604e-002
  1.4000000e-002  2.6970156e-002  1.4000000e-002  1.8374486e-001
  1.5000000e-002  7.5717406e-002  1.5000000e-002  2.9312003e-001
  1.6000000e-002  1.1068366e-001  1.6000000e-002  3.9332561e-001
  1.7000000e-002  1.3134077e-001  1.7000000e-002  4.8246196e-001
  1.8000000e-002  1.3765182e-001  1.8000000e-002  5.5892055e-001
  1.9000000e-002  1.3006804e-001  1.9000000e-002  6.2141839e-001
  2.0000000e-002  1.0950941e-001  2.0000000e-002  6.6902356e-001
  2.1000000e-002  7.7329675e-002  2.1000000e-002  7.0117144e-001
  2.2000000e-002  3.5267021e-002  2.2000000e-002  7.1767125e-001
  2.3000000e-002  1.4617886e-002  2.3000000e-002  7.1870295e-001
  2.4000000e-002  7.0014447e-002  2.4000000e-002  7.0480456e-001
  2.5000000e-002  1.2844274e-001  2.5000000e-002  6.7685058e-001
  2.6000000e-002  1.8733947e-001  2.6000000e-002  6.3602208e-001
  2.7000000e-002  2.4414641e-001  2.7000000e-002  5.8376940e-001
  2.8000000e-002  2.9639828e-001  2.8000000e-002  5.2176873e-001
  2.9000000e-002  3.4180713e-001  2.9000000e-002  4.5187369e-001
  3.0000000e-002  3.7834050e-001  3.0000000e-002  3.7606334e-001
  3.1000000e-002  4.0429052e-001  3.1000000e-002  2.9638821e-001
  3.2000000e-002  4.1833193e-001  3.2000000e-002  2.1491565e-001
  3.3000000e-002  4.1956686e-001  3.3000000e-002  1.3367623e-001
  3.4000000e-002  4.0755503e-001  3.4000000e-002  5.4612408e-002
  3.5000000e-002  3.8232833e-001  3.5000000e-002  2.0468992e-002
  3.6000000e-002  3.4438935e-001  3.6000000e-002  8.9939396e-002
  3.7000000e-002  2.9469397e-001  3.7000000e-002  1.5238507e-001
  3.8000000e-002  2.3461861e-001  3.8000000e-002  2.0663683e-001
  3.9000000e-002  1.6591322e-001  3.9000000e-002  2.5179221e-001
  4.0000000e-002  9.0641798e-002  4.0000000e-002  2.8722965e-001
  4.1000000e-002  1.1112292e-002  4.1000000e-002  3.1261452e-001
  4.2000000e-002  7.0201653e-002  4.2000000e-002  3.2789703e-001
  4.3000000e-002  1.5074442e-001  4.3000000e-002  3.3330225e-001
  4.4000000e-002  2.2796482e-001  4.4000000e-002  3.2931275e-001
  4.5000000e-002  2.9940230e-001  4.5000000e-002  3.1664465e-001
  4.6000000e-002  3.6276988e-001  4.6000000e-002  2.9621775e-001
  4.7000000e-002  4.1603131e-001  4.7000000e-002  2.6912097e-001
  4.8000000e-002  4.5746958e-001  4.8000000e-002  2.3657408e-001
  4.9000000e-002  4.8574472e-001  4.9000000e-002  1.9988699e-001
  5.0000000e-002  4.9993879e-001  5.0000000e-002  1.6041791e-001
  5.1000000e-002  4.9958679e-001  5.1000000e-002  1.1953151e-001
  5.2000000e-002  4.8469221e-001  5.2000000e-002  7.8558480e-002
  5.3000000e-002  4.5572705e-001  5.3000000e-002  3.8757439e-002
  5.4000000e-002  4.1361603e-001  5.4000000e-002  1.2804786e-003
  5.5000000e-002  3.5970586e-001  5.5000000e-002  3.2856918e-002
  5.6000000e-002  2.9572042e-001  5.6000000e-002  6.2800709e-002
  5.7000000e-002  2.2370348e-001  5.7000000e-002  8.7877323e-002
  5.8000000e-002  1.4595093e-001  5.8000000e-002  1.0760647e-001
  5.9000000e-002  6.4934832e-002  5.9000000e-002  1.2170756e-001
  6.0000000e-002  1.6778214e-002  6.0000000e-002  1.3009964e-001
  6.1000000e-002  9.6611551e-002  6.1000000e-002  1.3289519e-001
  6.2000000e-002  1.7206299e-001  6.2000000e-002  1.3038799e-001
  6.3000000e-002  2.4078653e-001  6.3000000e-002  1.2303574e-001
  6.4000000e-002  3.0066858e-001  6.4000000e-002  1.1143808e-001
  6.5000000e-002  3.4989611e-001  6.5000000e-002  9.6310790e-002
  6.6000000e-002  3.8701453e-001  6.6000000e-002  7.8457221e-002
  6.7000000e-002  4.1097331e-001  6.7000000e-002  5.8737799e-002
  6.8000000e-002  4.2115801e-001  6.8000000e-002  3.8038723e-002
  6.9000000e-002  4.1740761e-001  6.9000000e-002  1.7240853e-002
  7.0000000e-002  4.0001657e-001  7.0000000e-002  2.8102292e-003
  7.1000000e-002  3.6972182e-001  7.1000000e-002  2.1332029e-002
  7.2000000e-002  3.2767501e-001  7.2000000e-002  3.7629999e-002
  7.3000000e-002  2.7540111e-001  7.3000000e-002  5.1118698e-002
  7.4000000e-002  2.1474483e-001  7.4000000e-002  6.1338671e-002
  7.5000000e-002  1.4780665e-001  7.5000000e-002  6.7968596e-002
  7.6000000e-002  7.6870821e-002  7.6000000e-002  7.0832414e-002
  7.7000000e-002  4.3276294e-003  7.7000000e-002  6.9901342e-002
  7.8000000e-002  6.7407302e-002  7.8000000e-002  6.5290808e-002
  7.9000000e-002  1.3597398e-001  7.9000000e-002  5.7252535e-002
  8.0000000e-002  1.9914656e-001  8.0000000e-002  4.6162140e-002
  8.1000000e-002  2.5490674e-001  8.1000000e-002  3.2502770e-002
  8.2000000e-002  3.0150959e-001  8.2000000e-002  1.6845385e-002
  8.3000000e-002  3.3753976e-001  8.3000000e-002  1.7356600e-004
  8.4000000e-002  3.6195596e-001  8.4000000e-002  1.7876281e-002
  8.5000000e-002  3.7412261e-001  8.5000000e-002  3.5568720e-002
  8.6000000e-002  3.7382738e-001  8.6000000e-002  5.2565818e-002
  8.7000000e-002  3.6128434e-001  8.7000000e-002  6.8215960e-002
  8.8000000e-002  3.3712256e-001  8.8000000e-002  8.1923903e-002
  8.9000000e-002  3.0236070e-001  8.9000000e-002  9.3171391e-002
  9.0000000e-002  2.5836862e-001  9.0000000e-002  1.0153481e-001
  9.1000000e-002  2.0681719e-001  9.1000000e-002  1.0669933e-001
  9.2000000e-002  1.4961841e-001  9.2000000e-002  1.0846911e-001
  9.3000000e-002  8.8857626e-002  9.3000000e-002  1.0677323e-001
  9.4000000e-002  2.6720402e-002  9.4000000e-002  1.0166735e-001
  9.5000000e-002  3.4583449e-002  9.5000000e-002  9.3330820e-002
  9.6000000e-002  9.2896113e-002  9.6000000e-002  8.2059718e-002
  9.7000000e-002  1.4618564e-001  9.7000000e-002  6.8255834e-002
  9.8000000e-002  1.9261493e-001  9.8000000e-002  5.2412144e-002
  9.9000000e-002  2.3060352e-001  9.9000000e-002  3.5095264e-002
  1.0000000e-001  2.5888009e-001  1.0000000e-001  1.6925491e-002
  1.0100000e-001  2.7652393e-001  1.0100000e-001  1.4448611e-003
  1.0200000e-001  2.8299402e-001  1.0200000e-001  1.9354108e-002
  1.0300000e-001  2.7814488e-001  1.0300000e-001  3.6154048e-002
  1.0400000e-001  2.6222859e-001  1.0400000e-001  5.1232266e-002
  1.0500000e-001  2.3588309e-001  1.0500000e-001  6.4033147e-002
  1.0600000e-001  2.0010727e-001  1.0600000e-001  7.4076903e-002
  1.0700000e-001  1.5622369e-001  1.0700000e-001  8.0976013e-002
  1.0800000e-001  1.0583043e-001  1.0800000e-001  8.4448530e-002
  1.0900000e-001  5.0743611e-002  1.0900000e-001  8.4327836e-002
  1.1000000e-001  7.0671568e-003  1.1000000e-001  8.0568556e-002
  1.1100000e-001  6.5548308e-002  1.1100000e-001  7.3248441e-002
  1.1200000e-001  1.2263430e-001  1.1200000e-001  6.2566189e-002
  1.1300000e-001  1.7631960e-001  1.1300000e-001  4.8835289e-002
  1.1400000e-001  2.2472812e-001  1.1400000e-001  3.2474109e-002
  1.1500000e-001  2.6617777e-001  1.1500000e-001  1.3992570e-002
  1.1600000e-001  2.9923792e-001  1.1600000e-001  6.0241507e-003
  1.1700000e-001  3.2277781e-001  1.1700000e-001  2.6934335e-002
  1.1800000e-001  3.3600420e-001  1.1800000e-001  4.8060263e-002
  1.1900000e-001  3.3848720e-001  1.1900000e-001  6.8709881e-002
  1.2000000e-001  3.3017325e-001  1.2000000e-001  8.8198915e-002
  1.2100000e-001  3.1138499e-001  1.2100000e-001  1.0587271e-001
  1.2200000e-001  2.8280802e-001  1.2200000e-001  1.2112709e-001
  1.2300000e-001  2.4546519e-001  1.2300000e-001  1.3342761e-001
  1.2400000e-001  2.0067917e-001  1.2400000e-001  1.4232653e-001
  1.2500000e-001  1.5002486e-001  1.2500000e-001  1.4747705e-001
  1.2600000e-001  9.5273282e-002  1.2600000e-001  1.4864434e-001
  1.2700000e-001  3.8328839e-002  1.2700000e-001  1.4571301e-001
  1.2800000e-001  1.8837701e-002  1.2800000e-001  1.3869080e-001
  1.2900000e-001  7.4258239e-002  1.2900000e-001  1.2770850e-001
  1.3000000e-001  1.2603595e-001  1.3000000e-001  1.1301596e-001
  1.3100000e-001  1.7241112e-001  1.3100000e-001  9.4974439e-002
  1.3200000e-001  2.1182184e-001  1.3200000e-001  7.4045545e-002
  1.3300000e-001  2.4295764e-001  1.3300000e-001  5.0777127e-002
  1.3400000e-001  2.6480403e-001  1.3400000e-001  2.5786564e-002
  1.3500000e-001  2.7667661e-001  1.3500000e-001  2.5798460e-004
  1.3600000e-001  2.7824345e-001  1.3600000e-001  2.6657782e-002
  1.3700000e-001  2.6953515e-001  1.3700000e-001  5.2704519e-002
  1.3800000e-001  2.5094224e-001  1.3800000e-001  7.7701474e-002
  1.3900000e-001  2.2319993e-001  1.3900000e-001  1.0098415e-001
  1.4000000e-001  1.8736103e-001  1.4000000e-001  1.2193978e-001
  1.4100000e-001  1.4475783e-001  1.4100000e-001  1.4002507e-001
  1.4200000e-001  9.6954331e-002  1.4200000e-001  1.5478165e-001
  1.4300000e-001  4.5690696e-002  1.4300000e-001  1.6584885e-001
  1.4400000e-001  7.1783683e-003  1.4400000e-001  1.7297329e-001
  1.4500000e-001  5.9748931e-002  1.4500000e-001  1.7601515e-001
  1.4600000e-001  1.1013468e-001  1.4600000e-001  1.7495089e-001
  1.4700000e-001  1.5653290e-001  1.4700000e-001  1.6987242e-001
  1.4800000e-001  1.9728736e-001  1.4800000e-001  1.6098275e-001
  1.4900000e-001  2.3094582e-001  1.4900000e-001  1.4858826e-001
