  0.0000000e+000  4.5258984e-001  0.0000000e+000  2.0000000e-001
  1.0000000e+000  4.5047332e-001  1.0000000e+000  2.7397100e-001
  2.0000000e+000  4.4420813e-001  2.0000000e+000  3.4499301e-001
  3.0000000e+000  4.3404404e-001  3.0000000e+000  4.1023461e-001
  4.0000000e+000  4.2038626e-001  4.0000000e+000  4.6709481e-001
  5.0000000e+000  4.0377929e-001  5.0000000e+000  5.1330679e-001
  6.0000000e+000  3.8488519e-001  6.0000000e+000  5.4702822e-001
  7.0000000e+000  3.6445722e-001  7.0000000e+000  5.6691472e-001
  8.0000000e+000  3.4330977e-001  8.0000000e+000  5.7217350e-001
  9.0000000e+000  3.2228592e-001  9.0000000e+000  5.6259489e-001
  1.0000000e+001  3.0222382e-001  1.0000000e+001  5.3856076e-001
  1.1000000e+001  2.8392330e-001  1.1000000e+001  5.0102929e-001
  1.2000000e+001  2.6811393e-001  1.2000000e+001  4.5149673e-001
  1.3000000e+001  2.5542599e-001  1.3000000e+001  3.9193779e-001
  1.4000000e+001  2.4636529e-001  1.4000000e+001  3.2472689e-001
  1.5000000e+001  2.4129307e-001  1.5000000e+001  2.5254353e-001
  1.6000000e+001  2.4041154e-001  1.6000000e+001  1.7826542e-001
  1.7000000e+001  2.4375584e-001  1.7000000e+001  1.0485380e-001
  1.8000000e+001  2.5119264e-001  1.8000000e+001  3.5235364e-002
  1.9000000e+001  2.6242546e-001  1.9000000e+001 -2.7814431e-002
  2.0000000e+001  2.7700649e-001  2.0000000e+001 -8.1781983e-002
  2.1000000e+001  2.9435442e-001  2.1000000e+001 -1.2451578e-001
  2.2000000e+001  3.1377765e-001  2.2000000e+001 -1.5431215e-001
  2.3000000e+001  3.3450184e-001  2.3000000e+001 -1.6998322e-001
  2.4000000e+001  3.5570078e-001  2.4000000e+001 -1.7090422e-001
  2.5000000e+001  3.7652932e-001  2.5000000e+001 -1.5703844e-001
  2.6000000e+001  3.9615711e-001  2.6000000e+001 -1.2893867e-001
  2.7000000e+001  4.1380165e-001  2.7000000e+001 -8.7725147e-002
  2.8000000e+001  4.2875950e-001  2.8000000e+001 -3.5040933e-002
  2.9000000e+001  4.4043434e-001  2.9000000e+001  2.7013621e-002
  3.0000000e+001  4.4836074e-001  3.0000000e+001  9.5964596e-002
  3.1000000e+001  4.5222269e-001  3.1000000e+001  1.6906313e-001
  3.2000000e+001  4.5186622e-001  3.2000000e+001  2.4339503e-001
  3.3000000e+001  4.4730556e-001  3.3000000e+001  3.1599690e-001
  3.4000000e+001  4.3872251e-001  3.4000000e+001  3.8397434e-001
  3.5000000e+001  4.2645926e-001  3.5000000e+001  4.4461730e-001
  3.6000000e+001  4.1100471e-001  3.6000000e+001  4.9550815e-001
  3.7000000e+001  3.9297498e-001  3.7000000e+001  5.3461802e-001
  3.8000000e+001  3.7308885e-001  3.8000000e+001  5.6038772e-001
  3.9000000e+001  3.5213913e-001  3.9000000e+001  5.7178990e-001
  4.0000000e+001  3.3096101e-001  4.0000000e+001  5.6836999e-001
  4.1000000e+001  3.1039881e-001  4.1000000e+001  5.5026433e-001
  4.2000000e+001  2.9127226e-001  4.2000000e+001  5.1819474e-001
  4.3000000e+001  2.7434388e-001  4.3000000e+001  4.7343973e-001
  4.4000000e+001  2.6028856e-001  4.4000000e+001  4.1778354e-001
  4.5000000e+001  2.4966664e-001  4.5000000e+001  3.5344501e-001
  4.6000000e+001  2.4290158e-001  4.6000000e+001  2.8298911e-001
  4.7000000e+001  2.4026307e-001  4.7000000e+001  2.0922469e-001
  4.8000000e+001  2.4185632e-001  4.8000000e+001  1.3509252e-001
  4.9000000e+001  2.4761780e-001  4.9000000e+001  6.3547998e-002
  5.0000000e+001  2.5731781e-001  5.0000000e+001 -2.5566091e-003
  5.1000000e+001  2.7056966e-001  5.1000000e+001 -6.0585923e-002
  5.2000000e+001  2.8684503e-001  5.2000000e+001 -1.0822650e-001
  5.3000000e+001  3.0549507e-001  5.3000000e+001 -1.4357906e-001
  5.4000000e+001  3.2577627e-001  5.4000000e+001 -1.6523420e-001
  5.5000000e+001  3.4688008e-001  5.5000000e+001 -1.7232861e-001
  5.6000000e+001  3.6796515e-001  5.6000000e+001 -1.6457946e-001
  5.7000000e+001  3.8819090e-001  5.7000000e+001 -1.4229567e-001
  5.8000000e+001  4.0675097e-001  5.8000000e+001 -1.0636563e-001
  5.9000000e+001  4.2290545e-001  5.9000000e+001 -5.8221761e-002
  6.0000000e+001  4.3601031e-001  6.0000000e+001  2.1659335e-004
  6.1000000e+001  4.4554309e-001  6.1000000e+001  6.6619682e-002
  6.2000000e+001  4.5112375e-001  6.2000000e+001  1.3834022e-001
  6.3000000e+001  4.5252981e-001  6.3000000e+001  2.1251895e-001
  6.4000000e+001  4.4970521e-001  6.4000000e+001  2.8619858e-001
  6.5000000e+001  4.4276257e-001  6.5000000e+001  3.5644174e-001
  6.6000000e+001  4.3197866e-001  6.6000000e+001  4.2044807e-001
  6.7000000e+001  4.1778341e-001  6.7000000e+001  4.7566583e-001
  6.8000000e+001  4.0074273e-001  6.8000000e+001  5.1989366e-001
  6.9000000e+001  3.8153598e-001  6.9000000e+001  5.5136834e-001
  7.0000000e+001  3.6092888e-001  7.0000000e+001  5.6883507e-001
  7.1000000e+001  3.3974296e-001  7.1000000e+001  5.7159752e-001
  7.2000000e+001  3.1882284e-001  7.2000000e+001  5.5954554e-001
  7.3000000e+001  2.9900254e-001  7.3000000e+001  5.3315962e-001
  7.4000000e+001  2.8107223e-001  7.4000000e+001  4.9349167e-001
  7.5000000e+001  2.6574674e-001  7.5000000e+001  4.4212314e-001
  7.6000000e+001  2.5363705e-001  7.6000000e+001  3.8110192e-001
  7.7000000e+001  2.4522592e-001  7.7000000e+001  3.1286074e-001
  7.8000000e+001  2.4084870e-001  7.8000000e+001  2.4012016e-001
  7.9000000e+001  2.4067987e-001  7.9000000e+001  1.6578011e-001
  8.0000000e+001  2.4472618e-001  8.0000000e+001  9.2804308e-002
  8.1000000e+001  2.5282631e-001  8.1000000e+001  2.4102055e-002
  8.2000000e+001  2.6465733e-001  8.2000000e+001 -3.7587702e-002
  8.3000000e+001  2.7974758e-001  8.3000000e+001 -8.9805588e-002
  8.4000000e+001  2.9749546e-001  8.4000000e+001 -1.3046984e-001
  8.5000000e+001  3.1719341e-001  8.5000000e+001 -1.5795930e-001
  8.6000000e+001  3.3805614e-001  8.6000000e+001 -1.7117805e-001
  8.7000000e+001  3.5925191e-001  8.7000000e+001 -1.6959911e-001
  8.8000000e+001  3.7993573e-001  8.8000000e+001 -1.5328542e-001
  8.9000000e+001  3.9928299e-001  8.9000000e+001 -1.2288735e-001
  9.0000000e+001  4.1652238e-001  9.0000000e+001 -7.9616778e-002
  9.1000000e+001  4.3096661e-001  9.1000000e+001 -2.5198771e-002
  9.2000000e+001  4.4203985e-001  9.2000000e+001  3.8197200e-002
  9.3000000e+001  4.4930063e-001  9.3000000e+001  1.0804374e-001
  9.4000000e+001  4.5245949e-001  9.4000000e+001  1.8155628e-001
  9.5000000e+001  4.5139050e-001  9.5000000e+001  2.5580412e-001
  9.6000000e+001  4.4613628e-001  9.6000000e+001  3.2782722e-001
  9.7000000e+001  4.3690629e-001  9.7000000e+001  3.9475426e-001
  9.8000000e+001  4.2406850e-001  9.8000000e+001  4.5391706e-001
  9.9000000e+001  4.0813473e-001  9.9000000e+001  5.0295698e-001
  1.0000000e+002  3.8974019e-001  1.0000000e+002  5.3991897e-001
