 -4.6975396e-001  4.1800000e-001
 -4.1975396e-001  3.8800000e-001
 -3.6975396e-001  4.5200000e-001
 -3.1975396e-001  4.1200000e-001
 -2.6975396e-001  4.8200000e-001
 -2.1975396e-001  5.2600000e-001
 -1.6975396e-001  4.6600000e-001
 -1.1975396e-001  5.1800000e-001
 -6.9753962e-002  5.9400000e-001
 -1.9753962e-002  5.9200000e-001
  3.0246038e-002  5.8600000e-001
  8.0246038e-002  6.9200000e-001
  1.3024604e-001  7.2000000e-001
  1.8024604e-001  7.7000000e-001
  2.3024604e-001  8.4200000e-001
  2.8024604e-001  1.0160000e+000
  3.3024604e-001  1.5520000e+000
  3.8024604e-001  1.0500000e+000
  4.3024604e-001  8.5000000e-001
  4.8024604e-001  7.3000000e-001
  5.3024604e-001  7.0800000e-001
  5.8024604e-001  6.2600000e-001
  6.3024604e-001  5.6600000e-001
  6.8024604e-001  5.3600000e-001
  7.3024604e-001  5.3600000e-001
  7.8024604e-001  5.0400000e-001
  8.3024604e-001  4.7600000e-001
  8.8024604e-001  4.2200000e-001
  9.3024604e-001  4.2400000e-001
  9.8024604e-001  4.2000000e-001
  1.0302460e+000  4.4600000e-001
  1.0802460e+000  3.8800000e-001
 -1.6258905e+000  1.7200000e-001
 -1.5758905e+000  1.6400000e-001
 -1.5258905e+000  1.5000000e-001
 -1.4758905e+000  1.7000000e-001
 -1.4258905e+000  1.9000000e-001
 -1.3758905e+000  2.0400000e-001
 -1.3258905e+000  1.6600000e-001
 -1.2758905e+000  2.0000000e-001
 -1.2258905e+000  1.9200000e-001
 -1.1758905e+000  2.3400000e-001
 -1.1258905e+000  2.2000000e-001
 -1.0758905e+000  1.9600000e-001
 -1.0258905e+000  2.3000000e-001
 -9.7589050e-001  1.7800000e-001
 -9.2589050e-001  2.0200000e-001
 -8.7589050e-001  2.2000000e-001
 -8.2589050e-001  2.3200000e-001
 -7.7589050e-001  2.2600000e-001
 -7.2589050e-001  2.3800000e-001
 -6.7589050e-001  2.2600000e-001
 -6.2589050e-001  2.5400000e-001
 -5.7589050e-001  2.9000000e-001
 -5.2589050e-001  2.3400000e-001
 -4.7589050e-001  2.9000000e-001
 -4.2589050e-001  3.1600000e-001
 -3.7589050e-001  3.0000000e-001
 -3.2589050e-001  2.6600000e-001
 -2.7589050e-001  2.9400000e-001
 -2.2589050e-001  3.7000000e-001
 -1.7589050e-001  3.8600000e-001
 -1.2589050e-001  3.6200000e-001
 -7.5890501e-002  3.5400000e-001
 -2.5890501e-002  3.6000000e-001
  2.4109499e-002  3.8400000e-001
  7.4109499e-002  4.7400000e-001
  1.2410950e-001  5.5000000e-001
  1.7410950e-001  8.2200000e-001
  2.2410950e-001  5.4800000e-001
  2.7410950e-001  4.1000000e-001
  3.2410950e-001  4.3400000e-001
  3.7410950e-001  4.0200000e-001
  4.2410950e-001  3.9800000e-001
  4.7410950e-001  3.6000000e-001
  5.2410950e-001  3.4800000e-001
  5.7410950e-001  3.3000000e-001
  6.2410950e-001  3.2400000e-001
  6.7410950e-001  2.8400000e-001
  7.2410950e-001  2.4000000e-001
  7.7410950e-001  2.8200000e-001
  8.2410950e-001  2.9400000e-001
  8.7410950e-001  2.8200000e-001
  9.2410950e-001  2.5600000e-001
  9.7410950e-001  2.1400000e-001
  1.0241095e+000  2.5600000e-001
  1.0741095e+000  2.4400000e-001
  1.1241095e+000  2.9200000e-001
  1.1741095e+000  2.2600000e-001
  1.2241095e+000  2.2600000e-001
  1.2741095e+000  2.3400000e-001
  1.3241095e+000  2.4200000e-001
  1.3741095e+000  2.5000000e-001
  1.4241095e+000  2.2400000e-001
  1.4741095e+000  2.2000000e-001
  1.5241095e+000  2.0400000e-001
  1.5741095e+000  2.0400000e-001
  1.6241095e+000  2.1400000e-001
  1.6741095e+000  1.7800000e-001
  1.7241095e+000  1.8600000e-001
  1.7741095e+000  1.8200000e-001
  1.8241095e+000  1.6600000e-001
  1.8741095e+000  1.9200000e-001
  1.9241095e+000  1.6600000e-001
  1.9741095e+000  1.7200000e-001
