  0.0000000e+000  5.7123782e-001  0.0000000e+000  6.2652733e-001
  1.0000000e-003  5.0607804e-001  1.0000000e-003  5.5646686e-001
  2.0000000e-003  4.1267438e-001  2.0000000e-003  4.7973887e-001
  3.0000000e-003  2.9232942e-001  3.0000000e-003  3.9760314e-001
  4.0000000e-003  1.4733227e-001  4.0000000e-003  3.1136113e-001
  5.0000000e-003 -1.9104322e-002  5.0000000e-003  2.2234235e-001
  6.0000000e-003 -2.0293887e-001  6.0000000e-003  1.3189182e-001
  7.0000000e-003 -3.9942521e-001  7.0000000e-003  4.1358643e-002
  8.0000000e-003 -6.0326159e-001  8.0000000e-003 -4.7914691e-002
  9.0000000e-003 -8.0876004e-001  9.0000000e-003 -1.3460252e-001
  1.0000000e-002 -1.0100303e+000  1.0000000e-002 -2.1740615e-001
  1.1000000e-002 -1.2011726e+000  1.1000000e-002 -2.9506416e-001
  1.2000000e-002 -1.3764718e+000  1.2000000e-002 -3.6636326e-001
  1.3000000e-002 -1.5305882e+000  1.3000000e-002 -4.3014996e-001
  1.4000000e-002 -1.6587368e+000  1.4000000e-002 -4.8534319e-001
  1.5000000e-002 -1.7568496e+000  1.5000000e-002 -5.3094801e-001
  1.6000000e-002 -1.8217160e+000  1.6000000e-002 -5.6607040e-001
  1.7000000e-002 -1.8510957e+000  1.7000000e-002 -5.8993305e-001
  1.8000000e-002 -1.8438001e+000  1.8000000e-002 -6.0189186e-001
  1.9000000e-002 -1.7997403e+000  1.9000000e-002 -6.0145282e-001
  2.0000000e-002 -1.7199391e+000  2.0000000e-002 -5.8828892e-001
  2.1000000e-002 -1.6065063e+000  2.1000000e-002 -5.6225636e-001
  2.2000000e-002 -1.4625792e+000  2.2000000e-002 -5.2340959e-001
  2.3000000e-002 -1.2922281e+000  2.3000000e-002 -4.7201438e-001
  2.4000000e-002 -1.1003323e+000  2.4000000e-002 -4.0855836e-001
  2.5000000e-002 -8.9242824e-001  2.5000000e-002 -3.3375811e-001
  2.6000000e-002 -6.7453662e-001  2.6000000e-002 -2.4856232e-001
  2.7000000e-002 -4.5297286e-001  2.7000000e-002 -1.5415029e-001
  2.8000000e-002 -2.3414785e-001  2.8000000e-002 -5.1925273e-002
  2.9000000e-002 -2.4365353e-002  2.9000000e-002  5.6497781e-002
  3.0000000e-002  1.7037727e-001  3.0000000e-002  1.6931022e-001
  3.1000000e-002  3.4457845e-001  3.1000000e-002  2.8453367e-001
  3.2000000e-002  4.9340553e-001  3.2000000e-002  4.0004973e-001
  3.3000000e-002  6.1284606e-001  3.3000000e-002  5.1363524e-001
  3.4000000e-002  6.9983214e-001  3.4000000e-002  6.2300253e-001
  3.5000000e-002  7.5233382e-001  3.5000000e-002  7.2584395e-001
  3.6000000e-002  7.6941847e-001  3.6000000e-002  8.1987985e-001
  3.7000000e-002  7.5127411e-001  3.7000000e-002  9.0290896e-001
  3.8000000e-002  6.9919626e-001  3.8000000e-002  9.7285989e-001
  3.9000000e-002  6.1553845e-001  3.9000000e-002  1.0278426e+000
  4.0000000e-002  5.0362849e-001  4.0000000e-002  1.0661982e+000
  4.1000000e-002  3.6765307e-001  4.1000000e-002  1.0865461e+000
  4.2000000e-002  2.1251484e-001  4.2000000e-002  1.0878265e+000
  4.3000000e-002  4.3666673e-002  4.3000000e-002  1.0693374e+000
  4.4000000e-002 -1.3307122e-001  4.4000000e-002  1.0307645e+000
  4.5000000e-002 -3.1170524e-001  4.5000000e-002  9.7220318e-001
  4.6000000e-002 -4.8626677e-001  4.6000000e-002  8.9417137e-001
  4.7000000e-002 -6.5100850e-001  4.7000000e-002  7.9761242e-001
  4.8000000e-002 -8.0059200e-001  4.8000000e-002  6.8388811e-001
  4.9000000e-002 -9.3026044e-001  4.9000000e-002  5.5476096e-001
  5.0000000e-002 -1.0359906e+000  5.0000000e-002  4.1236626e-001
  5.1000000e-002 -1.1146192e+000  5.1000000e-002  2.5917409e-001
  5.2000000e-002 -1.1639399e+000  5.2000000e-002  9.7941981e-002
  5.3000000e-002 -1.1827668e+000  5.3000000e-002 -6.8340714e-002
  5.4000000e-002 -1.1709636e+000  5.4000000e-002 -2.3651569e-001
  5.5000000e-002 -1.1294374e+000  5.5000000e-002 -4.0332420e-001
  5.6000000e-002 -1.0600966e+000  5.6000000e-002 -5.6547965e-001
  5.7000000e-002 -9.6577612e-001  5.7000000e-002 -7.1974243e-001
  5.8000000e-002 -8.5013115e-001  5.8000000e-002 -8.6299509e-001
  5.9000000e-002 -7.1750444e-001  5.9000000e-002 -9.9231590e-001
  6.0000000e-002 -5.7277090e-001  6.0000000e-002 -1.1050488e+000
  6.1000000e-002 -4.2116552e-001  6.1000000e-002 -1.1988680e+000
  6.2000000e-002 -2.6810029e-001  6.2000000e-002 -1.2718351e+000
  6.3000000e-002 -1.1897645e-001  6.3000000e-002 -1.3224476e+000
  6.4000000e-002  2.1001313e-002  6.4000000e-002 -1.3496769e+000
  6.5000000e-002  1.4700260e-001  6.5000000e-002 -1.3529953e+000
  6.6000000e-002  2.5473480e-001  6.6000000e-002 -1.3323904e+000
  6.7000000e-002  3.4058690e-001  6.7000000e-002 -1.2883674e+000
  6.8000000e-002  4.0174874e-001  6.8000000e-002 -1.2219374e+000
  6.9000000e-002  4.3630183e-001  6.9000000e-002 -1.1345948e+000
  7.0000000e-002  4.4327876e-001  7.0000000e-002 -1.0282810e+000
  7.1000000e-002  4.2268934e-001  7.1000000e-002 -9.0533806e-001
  7.2000000e-002  3.7551274e-001  7.2000000e-002 -7.6845146e-001
  7.3000000e-002  3.0365625e-001  7.3000000e-002 -6.2058531e-001
  7.4000000e-002  2.0988203e-001  7.4000000e-002 -4.6491009e-001
  7.5000000e-002  9.7704895e-002  7.5000000e-002 -3.0472587e-001
  7.6000000e-002 -2.8735510e-002  7.6000000e-002 -1.4338264e-001
  7.7000000e-002 -1.6482328e-001  7.7000000e-002  1.5799942e-002
  7.8000000e-002 -3.0563048e-001  7.8000000e-002  1.6961143e-001
  7.9000000e-002 -4.4609118e-001  7.9000000e-002  3.1502578e-001
  8.0000000e-002 -5.8117931e-001  8.0000000e-002  4.4927108e-001
  8.1000000e-002 -7.0608393e-001  8.1000000e-002  5.6989181e-001
  8.2000000e-002 -8.1637614e-001  8.2000000e-002  6.7480220e-001
  8.3000000e-002 -9.0816168e-001  8.3000000e-002  7.6232922e-001
  8.4000000e-002 -9.7821404e-001  8.4000000e-002  8.3124424e-001
  8.5000000e-002 -1.0240837e+000  8.5000000e-002  8.8078265e-001
  8.6000000e-002 -1.0441794e+000  8.6000000e-002  9.1065105e-001
  8.7000000e-002 -1.0378198e+000  8.7000000e-002  9.2102207e-001
  8.8000000e-002 -1.0052523e+000  8.8000000e-002  9.1251711e-001
  8.9000000e-002 -9.4763999e-001  8.9000000e-002  8.8617781e-001
  9.0000000e-002 -8.6701688e-001  9.0000000e-002  8.4342710e-001
  9.1000000e-002 -7.6621266e-001  9.1000000e-002  7.8602127e-001
  9.2000000e-002 -6.4875046e-001  9.2000000e-002  7.1599453e-001
  9.3000000e-002 -5.1872102e-001  9.3000000e-002  6.3559779e-001
  9.4000000e-002 -3.8063772e-001  9.4000000e-002  5.4723349e-001
  9.5000000e-002 -2.3927775e-001  9.5000000e-002  4.5338853e-001
  9.6000000e-002 -9.9514998e-002  9.6000000e-002  3.5656704e-001
  9.7000000e-002  3.3849482e-002  9.7000000e-002  2.5922520e-001
  9.8000000e-002  1.5625353e-001  9.8000000e-002  1.6370958e-001
  9.9000000e-002  2.6353061e-001  9.9000000e-002  7.2200985e-002
  1.0000000e-001  3.5205190e-001  1.0000000e-001 -1.3335026e-002
  1.0100000e-001  4.1884875e-001  1.0100000e-001 -9.1189500e-002
  1.0200000e-001  4.6171143e-001  1.0200000e-001 -1.5994257e-001
  1.0300000e-001  4.7926091e-001  1.0300000e-001 -2.1848633e-001
  1.0400000e-001  4.7099107e-001  1.0400000e-001 -2.6603782e-001
  1.0500000e-001  4.3728045e-001  1.0500000e-001 -3.0214209e-001
  1.0600000e-001  3.7937288e-001  1.0600000e-001 -3.2666568e-001
  1.0700000e-001  2.9932821e-001  1.0700000e-001 -3.3978115e-001
  1.0800000e-001  1.9994481e-001  1.0800000e-001 -3.4194340e-001
  1.0900000e-001  8.4656944e-002  1.0900000e-001 -3.3385904e-001
  1.1000000e-001 -4.2589435e-002  1.1000000e-001 -3.1644998e-001
  1.1100000e-001 -1.7747779e-001  1.1100000e-001 -2.9081272e-001
  1.1200000e-001 -3.1547400e-001  1.1200000e-001 -2.5817488e-001
  1.1300000e-001 -4.5198588e-001  1.1300000e-001 -2.1985045e-001
  1.1400000e-001 -5.8252335e-001  1.1400000e-001 -1.7719538e-001
  1.1500000e-001 -7.0285384e-001  1.1500000e-001 -1.3156496e-001
  1.1600000e-001 -8.0914734e-001  1.1600000e-001 -8.4274320e-002
  1.1700000e-001 -8.9810603e-001  1.1700000e-001 -3.6563235e-002
  1.1800000e-001 -9.6707414e-001  1.1800000e-001  1.0433723e-002
  1.1900000e-001 -1.0141241e+000  1.1900000e-001  5.5710987e-002
  1.2000000e-001 -1.0381164e+000  1.2000000e-001  9.8409217e-002
  1.2100000e-001 -1.0387307e+000  1.2100000e-001  1.3782571e-001
  1.2200000e-001 -1.0164679e+000  1.2200000e-001  1.7341800e-001
  1.2300000e-001 -9.7262262e-001  1.2300000e-001  2.0480101e-001
  1.2400000e-001 -9.0922841e-001  1.2400000e-001  2.3173814e-001
  1.2500000e-001 -8.2897604e-001  1.2500000e-001  2.5412719e-001
  1.2600000e-001 -7.3510981e-001  1.2600000e-001  2.7198199e-001
  1.2700000e-001 -6.3130453e-001  1.2700000e-001  2.8541076e-001
  1.2800000e-001 -5.2152834e-001  1.2800000e-001  2.9459244e-001
  1.2900000e-001 -4.0989596e-001  1.2900000e-001  2.9975225e-001
  1.3000000e-001 -3.0051802e-001  1.3000000e-001  3.0113759e-001
  1.3100000e-001 -1.9735176e-001  1.3100000e-001  2.9899563e-001
  1.3200000e-001 -1.0405851e-001  1.3200000e-001  2.9355352e-001
  1.3300000e-001 -2.3873003e-002  1.3300000e-001  2.8500232e-001
  1.3400000e-001  4.0510727e-002  1.3400000e-001  2.7348531e-001
  1.3500000e-001  8.7032975e-002  1.3500000e-001  2.5909134e-001
  1.3600000e-001  1.1433813e-001  1.3600000e-001  2.4185350e-001
  1.3700000e-001  1.2181824e-001  1.3700000e-001  2.2175324e-001
  1.3800000e-001  1.0962896e-001  1.3800000e-001  1.9872975e-001
  1.3900000e-001  7.8677335e-002  1.3900000e-001  1.7269419e-001
  1.4000000e-001  3.0582202e-002  1.4000000e-001  1.4354818e-001
  1.4100000e-001 -3.2391413e-002  1.4100000e-001  1.1120556e-001
  1.4200000e-001 -1.0742126e-001  1.4200000e-001  7.5616583e-002
  1.4300000e-001 -1.9123687e-001  1.4300000e-001  3.6793135e-002
  1.4400000e-001 -2.8024457e-001  1.4400000e-001 -5.1661202e-003
  1.4500000e-001 -3.7066375e-001  1.4500000e-001 -5.0052085e-002
  1.4600000e-001 -4.5866955e-001  1.4600000e-001 -9.7524355e-002
  1.4700000e-001 -5.4053642e-001  1.4700000e-001 -1.4709440e-001
  1.4800000e-001 -6.1277761e-001  1.4800000e-001 -1.9811392e-001
  1.4900000e-001 -6.7227514e-001  1.4900000e-001 -2.4976942e-001
