  0.0000000e+000  3.8091467e-001
  1.0000000e+000  2.1662793e-001
  2.0000000e+000  8.5337446e-001
  3.0000000e+000  1.5039399e+000
  4.0000000e+000  2.1423881e+000
  5.0000000e+000  2.7432664e+000
  6.0000000e+000  3.2826194e+000
  7.0000000e+000  3.7389451e+000
  8.0000000e+000  4.0940509e+000
  9.0000000e+000  4.3337801e+000
  1.0000000e+001  4.4485754e+000
  1.1000000e+001  4.4338603e+000
  1.2000000e+001  4.2902213e+000
  1.3000000e+001  4.0233849e+000
  1.4000000e+001  3.6439891e+000
  1.5000000e+001  3.1671592e+000
  1.6000000e+001  2.6119049e+000
  1.7000000e+001  2.0003623e+000
  1.8000000e+001  1.3569118e+000
  1.9000000e+001  7.0720579e-001
  2.0000000e+001  7.7145896e-002
  2.1000000e+001  5.0814935e-001
  2.2000000e+001  1.0253461e+000
  2.3000000e+001  1.4538253e+000
  2.4000000e+001  1.7765048e+000
  2.5000000e+001  1.9805205e+000
  2.6000000e+001  2.0577389e+000
  2.7000000e+001  2.0050815e+000
  2.8000000e+001  1.8246477e+000
  2.9000000e+001  1.5236306e+000
  3.0000000e+001  1.1140311e+000
  3.1000000e+001  6.1217835e-001
  3.2000000e+001  3.8079818e-002
  3.3000000e+001  5.8537705e-001
  3.4000000e+001  1.2333370e+000
  3.5000000e+001  1.8799679e+000
  3.6000000e+001  2.4994906e+000
  3.7000000e+001  3.0672068e+000
  3.8000000e+001  3.5604833e+000
  3.9000000e+001  3.9596548e+000
  4.0000000e+001  4.2488075e+000
  4.1000000e+001  4.4164139e+000
  4.2000000e+001  4.4557921e+000
  4.3000000e+001  4.3653721e+000
  4.4000000e+001  4.1487587e+000
  4.5000000e+001  3.8145875e+000
  4.6000000e+001  3.3761811e+000
  4.7000000e+001  2.8510172e+000
  4.8000000e+001  2.2600324e+000
  4.9000000e+001  1.6267874e+000
  5.0000000e+001  9.7652785e-001
  5.1000000e+001  3.3517739e-001
  5.2000000e+001  2.7169533e-001
  5.3000000e+001  8.1989619e-001
  5.4000000e+001  1.2875702e+000
  5.5000000e+001  1.6560726e+000
  5.6000000e+001  1.9107124e+000
  5.7000000e+001  2.0413379e+000
  5.8000000e+001  2.0427415e+000
  5.9000000e+001  1.9148672e+000
  6.0000000e+001  1.6628131e+000
  6.1000000e+001  1.2966275e+000
  6.2000000e+001  8.3090936e-001
  6.3000000e+001  2.8422524e-001
  6.4000000e+001  3.2163026e-001
  6.5000000e+001  9.6250359e-001
  6.6000000e+001  1.6128452e+000
  6.7000000e+001  2.2467279e+000
  6.8000000e+001  2.8388809e+000
  6.9000000e+001  3.3656969e+000
  7.0000000e+001  3.8061733e+000
  7.1000000e+001  4.1427499e+000
  7.2000000e+001  4.3620083e+000
  7.3000000e+001  4.4552075e+000
  7.4000000e+001  4.4186318e+000
  7.5000000e+001  4.2537393e+000
  7.6000000e+001  3.9671040e+000
  7.7000000e+001  3.5701529e+000
  7.8000000e+001  3.0787113e+000
  7.9000000e+001  2.5123715e+000
  8.0000000e+001  1.8937115e+000
  8.1000000e+001  1.2473954e+000
  8.2000000e+001  5.9918983e-001
  8.3000000e+001  2.5063342e-002
  8.4000000e+001  6.0047710e-001
  8.5000000e+001  1.1041115e+000
  8.6000000e+001  1.5158883e+000
  8.7000000e+001  1.8193912e+000
  8.8000000e+001  2.0025204e+000
  8.9000000e+001  2.0579753e+000
  9.0000000e+001  1.9835450e+000
  9.1000000e+001  1.7821968e+000
  9.2000000e+001  1.4619578e+000
  9.3000000e+001  1.0355950e+000
  9.4000000e+001  5.2010605e-001
  9.5000000e+001  6.3958101e-002
  9.6000000e+001  6.9331266e-001
  9.7000000e+001  1.3428672e+000
  9.8000000e+001  1.9867262e+000
  9.9000000e+001  2.5992208e+000
  1.0000000e+002  3.1559329e+000
