  0.0000000e+000  6.9600000e-003
  5.0000000e-002  1.9400000e-002
  1.0000000e-001  3.3200000e-002
  1.5000000e-001  4.6560000e-002
  2.0000000e-001  5.7400000e-002
  2.5000000e-001  7.3560000e-002
  3.0000000e-001  8.8200000e-002
  3.5000000e-001  1.0252000e-001
  4.0000000e-001  1.1424000e-001
  4.5000000e-001  1.2524000e-001
  5.0000000e-001  1.3896000e-001
  5.5000000e-001  1.5288000e-001
  6.0000000e-001  1.6484000e-001
  6.5000000e-001  1.7372000e-001
  7.0000000e-001  1.8848000e-001
  7.5000000e-001  2.0220000e-001
  8.0000000e-001  2.0812000e-001
  8.5000000e-001  2.3044000e-001
  9.0000000e-001  2.3648000e-001
  9.5000000e-001  2.4208000e-001
  1.0000000e+000  2.5764000e-001
  1.0500000e+000  2.6632000e-001
  1.1000000e+000  2.8180000e-001
  1.1500000e+000  2.8176000e-001
  1.2000000e+000  2.9748000e-001
  1.2500000e+000  3.0600000e-001
  1.3000000e+000  3.0628000e-001
  1.3500000e+000  3.1228000e-001
  1.4000000e+000  3.2180000e-001
  1.4500000e+000  3.2612000e-001
  1.5000000e+000  3.3160000e-001
  1.5500000e+000  3.3236000e-001
  1.6000000e+000  3.4008000e-001
  1.6500000e+000  3.4104000e-001
  1.7000000e+000  3.4468000e-001
  1.7500000e+000  3.4924000e-001
  1.8000000e+000  3.5176000e-001
  1.8500000e+000  3.4736000e-001
  1.9000000e+000  3.4716000e-001
  1.9500000e+000  3.5344000e-001
  2.0000000e+000  3.4012000e-001
  2.0500000e+000  3.3916000e-001
  2.1000000e+000  3.3984000e-001
  2.1500000e+000  3.3820000e-001
  2.2000000e+000  3.2424000e-001
  2.2500000e+000  3.2800000e-001
  2.3000000e+000  3.2388000e-001
  2.3500000e+000  3.2232000e-001
  2.4000000e+000  3.1276000e-001
  2.4500000e+000  3.0744000e-001
  2.5000000e+000  2.9880000e-001
  2.5500000e+000  2.9856000e-001
  2.6000000e+000  2.8556000e-001
  2.6500000e+000  2.7868000e-001
  2.7000000e+000  2.7196000e-001
  2.7500000e+000  2.5952000e-001
  2.8000000e+000  2.5820000e-001
  2.8500000e+000  2.4740000e-001
  2.9000000e+000  2.4516000e-001
  2.9500000e+000  2.3912000e-001
  3.0000000e+000  2.2508000e-001
  3.0500000e+000  2.1592000e-001
  3.1000000e+000  2.1304000e-001
  3.1500000e+000  2.0640000e-001
  3.2000000e+000  1.9856000e-001
  3.2500000e+000  1.8388000e-001
  3.3000000e+000  1.8188000e-001
  3.3500000e+000  1.7268000e-001
  3.4000000e+000  1.6704000e-001
  3.4500000e+000  1.6324000e-001
  3.5000000e+000  1.5500000e-001
  3.5500000e+000  1.5072000e-001
  3.6000000e+000  1.4332000e-001
  3.6500000e+000  1.3620000e-001
  3.7000000e+000  1.3196000e-001
  3.7500000e+000  1.2220000e-001
  3.8000000e+000  1.2056000e-001
  3.8500000e+000  1.1256000e-001
  3.9000000e+000  1.1316000e-001
  3.9500000e+000  1.0088000e-001
  4.0000000e+000  9.8040000e-002
  4.0500000e+000  9.3480000e-002
  4.1000000e+000  8.8200000e-002
  4.1500000e+000  8.6680000e-002
  4.2000000e+000  8.3600000e-002
  4.2500000e+000  7.8640000e-002
  4.3000000e+000  7.2880000e-002
  4.3500000e+000  6.9880000e-002
  4.4000000e+000  6.5680000e-002
  4.4500000e+000  6.2280000e-002
  4.5000000e+000  6.1320000e-002
  4.5500000e+000  5.9480000e-002
  4.6000000e+000  5.5480000e-002
  4.6500000e+000  5.3360000e-002
  4.7000000e+000  4.9240000e-002
  4.7500000e+000  4.5000000e-002
  4.8000000e+000  4.3400000e-002
  4.8500000e+000  4.3520000e-002
  4.9000000e+000  4.0440000e-002
  4.9500000e+000  3.5680000e-002
  5.0000000e+000  3.3360000e-002
  5.0500000e+000  3.3160000e-002
  5.1000000e+000  3.0880000e-002
  5.1500000e+000  2.7560000e-002
  5.2000000e+000  2.7200000e-002
  5.2500000e+000  2.6920000e-002
  5.3000000e+000  2.4520000e-002
  5.3500000e+000  2.2040000e-002
  5.4000000e+000  2.1640000e-002
  5.4500000e+000  2.1800000e-002
  5.5000000e+000  2.0400000e-002
  5.5500000e+000  1.8840000e-002
  5.6000000e+000  1.6080000e-002
  5.6500000e+000  1.4360000e-002
  5.7000000e+000  1.5040000e-002
  5.7500000e+000  1.3880000e-002
  5.8000000e+000  1.2600000e-002
  5.8500000e+000  1.2880000e-002
  5.9000000e+000  1.1520000e-002
  5.9500000e+000  9.8400000e-003
  6.0000000e+000  9.9200000e-003
  6.0500000e+000  8.4000000e-003
  6.1000000e+000  9.0000000e-003
  6.1500000e+000  7.6000000e-003
  6.2000000e+000  6.6800000e-003
  6.2500000e+000  7.5600000e-003
  6.3000000e+000  6.2400000e-003
  6.3500000e+000  5.5200000e-003
  6.4000000e+000  5.2000000e-003
  6.4500000e+000  5.7600000e-003
  6.5000000e+000  4.1200000e-003
  6.5500000e+000  4.1200000e-003
  6.6000000e+000  4.0000000e-003
  6.6500000e+000  3.9200000e-003
  6.7000000e+000  3.5600000e-003
  6.7500000e+000  2.6000000e-003
  6.8000000e+000  2.9600000e-003
  6.8500000e+000  2.6000000e-003
  6.9000000e+000  2.1600000e-003
  6.9500000e+000  1.8800000e-003
  7.0000000e+000  1.8800000e-003
  7.0500000e+000  1.5200000e-003
  7.1000000e+000  1.5200000e-003
  7.1500000e+000  1.6400000e-003
  7.2000000e+000  1.4800000e-003
  7.2500000e+000  1.4400000e-003
  7.3000000e+000  1.4800000e-003
  7.3500000e+000  1.2400000e-003
  7.4000000e+000  7.2000000e-004
  7.4500000e+000  8.0000000e-004
  7.5000000e+000  6.0000000e-004
  7.5500000e+000  8.4000000e-004
  7.6000000e+000  6.8000000e-004
  7.6500000e+000  4.8000000e-004
  7.7000000e+000  3.2000000e-004
  7.7500000e+000  4.4000000e-004
  7.8000000e+000  5.2000000e-004
  7.8500000e+000  5.2000000e-004
  7.9000000e+000  3.6000000e-004
  7.9500000e+000  1.2000000e-004
  8.0000000e+000  1.2000000e-004
  8.0500000e+000  1.2000000e-004
  8.1000000e+000  2.8000000e-004
  8.1500000e+000  2.0000000e-004
  8.2000000e+000  8.0000000e-005
  8.2500000e+000  4.0000000e-005
  8.3000000e+000  8.0000000e-005
  8.3500000e+000  4.0000000e-005
  8.4000000e+000  2.0000000e-004
  8.4500000e+000  8.0000000e-005
  8.5000000e+000  2.0000000e-004
  8.5500000e+000  8.0000000e-005
  8.6000000e+000  8.0000000e-005
  8.6500000e+000  4.0000000e-005
  8.7000000e+000  1.2000000e-004
  8.7500000e+000  8.0000000e-005
  8.8000000e+000  0.0000000e+000
  8.8500000e+000  0.0000000e+000
  8.9000000e+000  0.0000000e+000
  8.9500000e+000  4.0000000e-005
  9.0000000e+000  0.0000000e+000
  9.0500000e+000  0.0000000e+000
  9.1000000e+000  4.0000000e-005
  9.1500000e+000  0.0000000e+000
  9.2000000e+000  0.0000000e+000
  9.2500000e+000  0.0000000e+000
  9.3000000e+000  0.0000000e+000
  9.3500000e+000  0.0000000e+000
  9.4000000e+000  0.0000000e+000
  9.4500000e+000  0.0000000e+000
  9.5000000e+000  0.0000000e+000
  9.5500000e+000  0.0000000e+000
  9.6000000e+000  0.0000000e+000
  9.6500000e+000  0.0000000e+000
  9.7000000e+000  0.0000000e+000
  9.7500000e+000  0.0000000e+000
  9.8000000e+000  0.0000000e+000
  9.8500000e+000  0.0000000e+000
  9.9000000e+000  0.0000000e+000
  9.9500000e+000  0.0000000e+000
  1.0000000e+001  0.0000000e+000
  1.0050000e+001  0.0000000e+000
  1.0100000e+001  0.0000000e+000
  1.0150000e+001  0.0000000e+000
  1.0200000e+001  0.0000000e+000
  1.0250000e+001  0.0000000e+000
  1.0300000e+001  0.0000000e+000
  1.0350000e+001  0.0000000e+000
  1.0400000e+001  0.0000000e+000
  1.0450000e+001  0.0000000e+000
  1.0500000e+001  0.0000000e+000
  1.0550000e+001  0.0000000e+000
  1.0600000e+001  0.0000000e+000
  1.0650000e+001  0.0000000e+000
  1.0700000e+001  0.0000000e+000
  1.0750000e+001  0.0000000e+000
  1.0800000e+001  0.0000000e+000
  1.0850000e+001  0.0000000e+000
  1.0900000e+001  0.0000000e+000
  1.0950000e+001  0.0000000e+000
  1.1000000e+001  0.0000000e+000
  1.1050000e+001  0.0000000e+000
  1.1100000e+001  0.0000000e+000
  1.1150000e+001  0.0000000e+000
  1.1200000e+001  0.0000000e+000
  1.1250000e+001  0.0000000e+000
  1.1300000e+001  0.0000000e+000
  1.1350000e+001  0.0000000e+000
  1.1400000e+001  0.0000000e+000
  1.1450000e+001  0.0000000e+000
  1.1500000e+001  0.0000000e+000
  1.1550000e+001  0.0000000e+000
  1.1600000e+001  0.0000000e+000
  1.1650000e+001  0.0000000e+000
  1.1700000e+001  0.0000000e+000
  1.1750000e+001  0.0000000e+000
  1.1800000e+001  0.0000000e+000
  1.1850000e+001  0.0000000e+000
  1.1900000e+001  0.0000000e+000
  1.1950000e+001  0.0000000e+000
  1.2000000e+001  0.0000000e+000
  1.2050000e+001  0.0000000e+000
