  0.0000000e+000  3.7014482e+000  0.0000000e+000 -1.2459208e-003
  1.0000000e-003  2.6412323e+000  1.0000000e-003  2.0751174e-001
  2.0000000e-003  1.3627797e+000  2.0000000e-003  3.8679910e-001
  3.0000000e-003 -1.2797121e-001  3.0000000e-003  5.3676630e-001
  4.0000000e-003 -1.7568040e+000  4.0000000e-003  6.5755001e-001
  5.0000000e-003 -3.2718815e+000  5.0000000e-003  7.4923760e-001
  6.0000000e-003 -4.1585989e+000  6.0000000e-003  8.1184011e-001
  7.0000000e-003 -3.9946360e+000  7.0000000e-003  8.4527062e-001
  8.0000000e-003 -3.0246068e+000  8.0000000e-003  8.4932566e-001
  9.0000000e-003 -1.8056955e+000  9.0000000e-003  8.2366757e-001
  1.0000000e-002 -6.7509184e-001  1.0000000e-002  7.6780649e-001
  1.1000000e-002  2.5028300e-001  1.1000000e-002  6.8108031e-001
  1.2000000e-002  9.4912243e-001  1.2000000e-002  5.6263137e-001
  1.3000000e-002  1.4303627e+000  1.3000000e-002  4.1137840e-001
  1.4000000e-002  1.7094351e+000  1.4000000e-002  2.2598179e-001
  1.5000000e-002  1.8009033e+000  1.5000000e-002  4.8002080e-003
  1.6000000e-002  1.7167845e+000  1.6000000e-002 -2.5416460e-001
  1.7000000e-002  1.4668874e+000  1.7000000e-002 -5.5333852e-001
  1.8000000e-002  1.0601278e+000  1.8000000e-002 -8.9566677e-001
  1.9000000e-002  5.0684057e-001  1.9000000e-002 -1.2847342e+000
  2.0000000e-002 -1.7727322e-001  2.0000000e-002 -1.7249247e+000
  2.1000000e-002 -9.6442940e-001  2.1000000e-002 -2.2216364e+000
  2.2000000e-002 -1.8041873e+000  2.2000000e-002 -2.7815743e+000
  2.3000000e-002 -2.6105375e+000  2.3000000e-002 -3.4131566e+000
  2.4000000e-002 -3.2572467e+000  2.4000000e-002 -4.1270867e+000
  2.5000000e-002 -3.6049355e+000  2.5000000e-002 -4.9371690e+000
  2.6000000e-002 -3.5692752e+000  2.6000000e-002 -5.8614863e+000
  2.7000000e-002 -3.1760948e+000  2.7000000e-002 -6.9240873e+000
  2.8000000e-002 -2.5361113e+000  2.8000000e-002 -8.1573083e+000
  2.9000000e-002 -1.7722140e+000  2.9000000e-002 -9.6044142e+000
  3.0000000e-002 -9.7402459e-001  3.0000000e-002 -1.1319869e+001
  3.1000000e-002 -1.9301129e-001  3.1000000e-002 -1.3352797e+001
  3.2000000e-002  5.4562374e-001  3.2000000e-002 -1.5644967e+001
  3.3000000e-002  1.2307919e+000  3.3000000e-002 -1.7620009e+001
  3.4000000e-002  1.8574820e+000  3.4000000e-002 -1.7810475e+001
  3.5000000e-002  2.4223620e+000  3.5000000e-002 -1.5997829e+001
  3.6000000e-002  2.9217193e+000  3.6000000e-002 -1.3665999e+001
  3.7000000e-002  3.3507075e+000  3.7000000e-002 -1.1550323e+001
  3.8000000e-002  3.7032213e+000  3.8000000e-002 -9.7552381e+000
  3.9000000e-002  3.9719889e+000  3.9000000e-002 -8.2381158e+000
  4.0000000e-002  4.1486417e+000  4.0000000e-002 -6.9432207e+000
  4.1000000e-002  4.2236321e+000  4.1000000e-002 -5.8251704e+000
  4.2000000e-002  4.1859216e+000  4.2000000e-002 -4.8498802e+000
  4.3000000e-002  4.0223677e+000  4.3000000e-002 -3.9920049e+000
  4.4000000e-002  3.7166989e+000  4.4000000e-002 -3.2325154e+000
  4.5000000e-002  3.2478623e+000  4.5000000e-002 -2.5569063e+000
  4.6000000e-002  2.5873192e+000  4.6000000e-002 -1.9539431e+000
  4.7000000e-002  1.6944139e+000  4.7000000e-002 -1.4147935e+000
  4.8000000e-002  5.0793559e-001  4.8000000e-002 -9.3241928e-001
  4.9000000e-002 -1.0704511e+000  4.9000000e-002 -5.0114660e-001
  5.0000000e-002 -3.2114108e+000  5.0000000e-002 -1.1635577e-001
  5.1000000e-002 -6.2342585e+000  5.1000000e-002  2.2574503e-001
  5.2000000e-002 -1.0650529e+001  5.2000000e-002  5.2828764e-001
  5.3000000e-002 -1.4165778e+001  5.3000000e-002  7.9387001e-001
  5.4000000e-002 -9.8436542e+000  5.4000000e-002  1.0246521e+000
  5.5000000e-002 -5.4912140e+000  5.5000000e-002  1.2224294e+000
  5.6000000e-002 -2.4720096e+000  5.6000000e-002  1.3886898e+000
  5.7000000e-002 -2.7967920e-001  5.7000000e-002  1.5246579e+000
  5.8000000e-002  1.3796493e+000  5.8000000e-002  1.6313293e+000
  5.9000000e-002  2.6642339e+000  5.9000000e-002  1.7094979e+000
  6.0000000e-002  3.6662102e+000  6.0000000e-002  1.7597760e+000
  6.1000000e-002  4.4433470e+000  6.1000000e-002  1.7826104e+000
  6.2000000e-002  5.0341092e+000  6.2000000e-002  1.7782940e+000
  6.3000000e-002  5.4653743e+000  6.3000000e-002  1.7469736e+000
  6.4000000e-002  5.7566714e+000  6.4000000e-002  1.6886554e+000
  6.5000000e-002  5.9226382e+000  6.5000000e-002  1.6032066e+000
  6.6000000e-002  5.9744940e+000  6.6000000e-002  1.4903556e+000
  6.7000000e-002  5.9209244e+000  6.7000000e-002  1.3496885e+000
  6.8000000e-002  5.7685796e+000  6.8000000e-002  1.1806444e+000
  6.9000000e-002  5.5222915e+000  6.9000000e-002  9.8250725e-001
  7.0000000e-002  5.1850630e+000  7.0000000e-002  7.5439630e-001
  7.1000000e-002  4.7578625e+000  7.1000000e-002  4.9525338e-001
  7.2000000e-002  4.2392516e+000  7.2000000e-002  2.0382879e-001
  7.3000000e-002  3.6248949e+000  7.3000000e-002 -1.2133456e-001
  7.4000000e-002  2.9070607e+000  7.4000000e-002 -4.8191737e-001
  7.5000000e-002  2.0743717e+000  7.5000000e-002 -8.7983836e-001
  7.6000000e-002  1.1124784e+000  7.6000000e-002 -1.3172629e+000
  7.7000000e-002  7.4640605e-003  7.7000000e-002 -1.7965985e+000
  7.8000000e-002 -1.2430808e+000  7.8000000e-002 -2.3204640e+000
  7.9000000e-002 -2.5987962e+000  7.9000000e-002 -2.8916083e+000
  8.0000000e-002 -3.9028001e+000  8.0000000e-002 -3.5127370e+000
  8.1000000e-002 -4.7836720e+000  8.1000000e-002 -4.1861704e+000
  8.2000000e-002 -4.7753953e+000  8.2000000e-002 -4.9132006e+000
  8.3000000e-002 -3.8310184e+000  8.3000000e-002 -5.6929206e+000
  8.4000000e-002 -2.3957815e+000  8.4000000e-002 -6.5201533e+000
  8.5000000e-002 -8.8759869e-001  8.5000000e-002 -7.3819583e+000
  8.6000000e-002  4.9722281e-001  8.6000000e-002 -8.2522161e+000
  8.7000000e-002  1.6972528e+000  8.7000000e-002 -9.0846469e+000
  8.8000000e-002  2.7038383e+000  8.8000000e-002 -9.8075914e+000
  8.9000000e-002  3.5244604e+000  8.9000000e-002 -1.0329438e+001
  9.0000000e-002  4.1693913e+000  9.0000000e-002 -1.0565318e+001
  9.1000000e-002  4.6472846e+000  9.1000000e-002 -1.0478766e+001
  9.2000000e-002  4.9638829e+000  9.2000000e-002 -1.0104122e+001
  9.3000000e-002  5.1217238e+000  9.3000000e-002 -9.5255050e+000
  9.4000000e-002  5.1200980e+000  9.4000000e-002 -8.8351381e+000
  9.5000000e-002  4.9550157e+000  9.5000000e-002 -8.1058399e+000
  9.6000000e-002  4.6191634e+000  9.6000000e-002 -7.3849977e+000
  9.7000000e-002  4.1020302e+000  9.7000000e-002 -6.6995997e+000
  9.8000000e-002  3.3907927e+000  9.8000000e-002 -6.0632399e+000
  9.9000000e-002  2.4736331e+000  9.9000000e-002 -5.4816074e+000
  1.0000000e-001  1.3501149e+000  1.0000000e-001 -4.9560451e+000
  1.0100000e-001  6.0439625e-002  1.0100000e-001 -4.4856643e+000
  1.0200000e-001 -1.2446190e+000  1.0200000e-001 -4.0685451e+000
  1.0300000e-001 -2.2050705e+000  1.0300000e-001 -3.7023979e+000
  1.0400000e-001 -2.3470761e+000  1.0400000e-001 -3.3849193e+000
  1.0500000e-001 -1.5818262e+000  1.0500000e-001 -3.1139760e+000
  1.0600000e-001 -3.3104382e-001  1.0600000e-001 -2.8876966e+000
  1.0700000e-001  9.8008998e-001  1.0700000e-001 -2.7045128e+000
  1.0800000e-001  2.1454823e+000  1.0800000e-001 -2.5631755e+000
  1.0900000e-001  3.0990665e+000  1.0900000e-001 -2.4627600e+000
  1.1000000e-001  3.8300961e+000  1.1000000e-001 -2.4026675e+000
  1.1100000e-001  4.3441570e+000  1.1100000e-001 -2.3826294e+000
  1.1200000e-001  4.6485642e+000  1.1200000e-001 -2.4027154e+000
  1.1300000e-001  4.7470949e+000  1.1300000e-001 -2.4633502e+000
  1.1400000e-001  4.6377519e+000  1.1400000e-001 -2.5653400e+000
  1.1500000e-001  4.3110522e+000  1.1500000e-001 -2.7099119e+000
  1.1600000e-001  3.7475592e+000  1.1600000e-001 -2.8987695e+000
  1.1700000e-001  2.9133914e+000  1.1700000e-001 -3.1341720e+000
  1.1800000e-001  1.7513712e+000  1.1800000e-001 -3.4190411e+000
  1.1900000e-001  1.6208034e-001  1.1900000e-001 -3.7571102e+000
  1.2000000e-001 -2.0422252e+000  1.2000000e-001 -4.1531309e+000
  1.2100000e-001 -5.2753543e+000  1.2100000e-001 -4.6131640e+000
  1.2200000e-001 -1.0773976e+001  1.2200000e-001 -5.1449975e+000
  1.2300000e-001 -2.6536983e+001  1.2300000e-001 -5.7587596e+000
  1.2400000e-001 -1.2649013e+001  1.2400000e-001 -6.4678485e+000
  1.2500000e-001 -6.4390559e+000  1.2500000e-001 -7.2903892e+000
  1.2600000e-001 -3.0621961e+000  1.2600000e-001 -8.2516238e+000
  1.2700000e-001 -8.6689437e-001  1.2700000e-001 -9.3880505e+000
  1.2800000e-001  6.4395942e-001  1.2800000e-001 -1.0755106e+001
  1.2900000e-001  1.6831478e+000  1.2900000e-001 -1.2442769e+001
  1.3000000e-001  2.3573231e+000  1.3000000e-001 -1.4611375e+001
  1.3100000e-001  2.7228113e+000  1.3100000e-001 -1.7589705e+001
  1.3200000e-001  2.8070155e+000  1.3200000e-001 -2.2228331e+001
  1.3300000e-001  2.6169577e+000  1.3300000e-001 -3.1540408e+001
  1.3400000e-001  2.1413878e+000  1.3400000e-001 -2.7227432e+001
  1.3500000e-001  1.3479095e+000  1.3500000e-001 -2.0088329e+001
  1.3600000e-001  1.7351228e-001  1.3600000e-001 -1.6098498e+001
  1.3700000e-001 -1.4976989e+000  1.3700000e-001 -1.3353336e+001
  1.3800000e-001 -3.8870655e+000  1.3800000e-001 -1.1268143e+001
  1.3900000e-001 -7.4437370e+000  1.3900000e-001 -9.5934127e+000
  1.4000000e-001 -1.2710267e+001  1.4000000e-001 -8.2001166e+000
  1.4100000e-001 -1.3194255e+001  1.4100000e-001 -7.0129612e+000
  1.4200000e-001 -7.7359640e+000  1.4200000e-001 -5.9842072e+000
  1.4300000e-001 -3.9166481e+000  1.4300000e-001 -5.0816987e+000
  1.4400000e-001 -1.3229660e+000  1.4400000e-001 -4.2827561e+000
  1.4500000e-001  5.2889243e-001  1.4500000e-001 -3.5707951e+000
  1.4600000e-001  1.8789628e+000  1.4600000e-001 -2.9333317e+000
  1.4700000e-001  2.8543903e+000  1.4700000e-001 -2.3607426e+000
  1.4800000e-001  3.5272049e+000  1.4800000e-001 -1.8454631e+000
  1.4900000e-001  3.9391670e+000  1.4900000e-001 -1.3814487e+000
