  0.0000000e+000  1.0079687e-001  0.0000000e+000  0.0000000e+000
  1.0000000e+000  9.8787639e-002  1.0000000e+000  5.1842577e-001
  2.0000000e+000  9.2840061e-002  2.0000000e+000  1.0161835e+000
  3.0000000e+000  8.3191243e-002  3.0000000e+000  1.4734293e+000
  4.0000000e+000  7.0225853e-002  4.0000000e+000  1.8719340e+000
  5.0000000e+000  5.4460779e-002  5.0000000e+000  2.1958107e+000
  6.0000000e+000  3.6524526e-002  6.0000000e+000  2.4321473e+000
  7.0000000e+000  1.7132155e-002  7.0000000e+000  2.5715219e+000
  8.0000000e+000 -2.9432203e-003  8.0000000e+000  2.6083780e+000
  9.0000000e+000 -2.2901259e-002  9.0000000e+000  2.5412463e+000
  1.0000000e+001 -4.1946297e-002  1.0000000e+001  2.3728032e+000
  1.1000000e+001 -5.9319068e-002  1.1000000e+001  2.1097638e+000
  1.2000000e+001 -7.4326975e-002  1.2000000e+001  1.7626149e+000
  1.3000000e+001 -8.6371701e-002  1.3000000e+001  1.3451960e+000
  1.4000000e+001 -9.4973059e-002  1.4000000e+001  8.7414846e-001
  1.5000000e+001 -9.9788141e-002  1.5000000e+001  3.6825135e-001
  1.6000000e+001 -1.0062498e-001  1.6000000e+001 -1.5232678e-001
  1.7000000e+001 -9.7450228e-002  1.7000000e+001 -6.6683213e-001
  1.8000000e+001 -9.0390438e-002  1.8000000e+001 -1.1547530e+000
  1.9000000e+001 -7.9727066e-002  1.9000000e+001 -1.5966375e+000
  2.0000000e+001 -6.5885228e-002  2.0000000e+001 -1.9748691e+000
  2.1000000e+001 -4.9416754e-002  2.1000000e+001 -2.2743689e+000
  2.2000000e+001 -3.0978190e-002  2.2000000e+001 -2.4831968e+000
  2.3000000e+001 -1.1304623e-002  2.3000000e+001 -2.5930274e+000
  2.4000000e+001  8.8196233e-003  2.4000000e+001 -2.5994823e+000
  2.5000000e+001  2.8592259e-002  2.5000000e+001 -2.5023040e+000
  2.6000000e+001  4.7225012e-002  2.6000000e+001 -2.3053667e+000
  2.7000000e+001  6.3975053e-002  2.7000000e+001 -2.0165217e+000
  2.8000000e+001  7.8174610e-002  2.8000000e+001 -1.6472844e+000
  2.9000000e+001  8.9257592e-002  2.9000000e+001 -1.2123751e+000
  3.0000000e+001  9.6782155e-002  3.0000000e+001 -7.2913214e-001
  3.1000000e+001  1.0044832e-001  3.1000000e+001 -2.1682102e-001
  3.2000000e+001  1.0010993e-001  3.2000000e+001  3.0413407e-001
  3.3000000e+001  9.5780467e-002  3.3000000e+001  8.1296429e-001
  3.4000000e+001  8.7632542e-002  3.4000000e+001  1.2893842e+000
  3.5000000e+001  7.5990984e-002  3.5000000e+001  1.7144004e+000
  3.6000000e+001  6.1319906e-002  3.6000000e+001  2.0710689e+000
  3.7000000e+001  4.4204196e-002  3.7000000e+001  2.3451704e+000
  3.8000000e+001  2.5326205e-002  3.8000000e+001  2.5257774e+000
  3.9000000e+001  5.4385373e-003  3.9000000e+001  2.6056896e+000
  4.0000000e+001 -1.4665947e-002  4.0000000e+001  2.5817211e+000
  4.1000000e+001 -3.4185747e-002  4.1000000e+001  2.4548276e+000
  4.2000000e+001 -5.2342669e-002  4.2000000e+001  2.2300679e+000
  4.3000000e+001 -6.8412853e-002  4.3000000e+001  1.9164024e+000
  4.4000000e+001 -8.1755634e-002  4.4000000e+001  1.5263360e+000
  4.5000000e+001 -9.1839075e-002  4.5000000e+001  1.0754194e+000
  4.6000000e+001 -9.8261182e-002  4.6000000e+001  5.8162916e-001
  4.7000000e+001 -1.0076593e-001  4.7000000e+001  6.4651242e-002
  4.8000000e+001 -9.9253450e-002  4.8000000e+001 -4.5490411e-001
  4.9000000e+001 -9.3784052e-002  4.9000000e+001 -9.5632388e-001
  5.0000000e+001 -8.4575780e-002  5.0000000e+001 -1.4196180e+000
  5.1000000e+001 -7.1995739e-002  5.1000000e+001 -1.8263165e+000
  5.2000000e+001 -5.6545455e-002  5.2000000e+001 -2.1602055e+000
  5.3000000e+001 -3.8840882e-002  5.3000000e+001 -2.4079739e+000
  5.4000000e+001 -1.9587845e-002  5.4000000e+001 -2.5597440e+000
  5.5000000e+001  4.4609649e-004  5.5000000e+001 -2.6094651e+000
  5.6000000e+001  2.0462254e-002  5.6000000e+001 -2.5551552e+000
  5.7000000e+001  3.9662646e-002  5.7000000e+001 -2.3989792e+000
  5.8000000e+001  5.7281813e-002  5.8000000e+001 -2.1471636e+000
  5.9000000e+001  7.2617336e-002  5.9000000e+001 -1.8097473e+000
  6.0000000e+001  8.5057834e-002  6.0000000e+001 -1.4001820e+000
  6.1000000e+001  9.4107345e-002  6.1000000e+001 -9.3479598e-001
  6.2000000e+001  9.9405093e-002  6.2000000e+001 -4.3214255e-001
  6.3000000e+001  1.0073987e-001  6.3000000e+001  8.7739029e-002
  6.4000000e+001  9.8058473e-002  6.4000000e+001  6.0412273e-001
  6.5000000e+001  9.1467791e-002  6.5000000e+001  1.0964220e+000
  6.6000000e+001  8.1230577e-002  6.6000000e+001  1.5450103e+000
  6.7000000e+001  6.7754956e-002  6.7000000e+001  1.9320040e+000
  6.8000000e+001  5.1578159e-002  6.8000000e+001  2.2419748e+000
  6.9000000e+001  3.3345103e-002  6.9000000e+001  2.4625651e+000
  7.0000000e+001  1.3782683e-002  7.0000000e+001  2.5849807e+000
  7.1000000e+001 -6.3292089e-003  7.1000000e+001  2.6043413e+000
  7.2000000e+001 -2.6188775e-002  7.2000000e+001  2.5198750e+000
  7.3000000e+001 -4.5004278e-002  7.3000000e+001  2.3349492e+000
  7.4000000e+001 -6.2025602e-002  7.4000000e+001  2.0569364e+000
  7.5000000e+001 -7.6574160e-002  7.5000000e+001  1.6969201e+000
  7.6000000e+001 -8.8069949e-002  7.6000000e+001  1.2692529e+000
  7.7000000e+001 -9.6054667e-002  7.7000000e+001  7.9098453e-001
  7.8000000e+001 -1.0020999e-001  7.8000000e+001  2.8118215e-001
  7.9000000e+001 -1.0037025e-001  7.9000000e+001 -2.3983007e-001
  8.0000000e+001 -9.6529074e-002  8.0000000e+001 -7.5128102e-001
  8.1000000e+001 -8.8839584e-002  8.1000000e+001 -1.2327808e+000
  8.2000000e+001 -7.7608341e-002  8.2000000e+001 -1.6651334e+000
  8.3000000e+001 -6.3283098e-002  8.3000000e+001 -2.0311025e+000
  8.4000000e+001 -4.6434958e-002  8.4000000e+001 -2.3160979e+000
  8.5000000e+001 -2.7735602e-002  8.5000000e+001 -2.5087578e+000
  8.6000000e+001 -7.9305154e-003  8.6000000e+001 -2.6014014e+000
  8.7000000e+001  1.2190736e-002  8.7000000e+001 -2.5903354e+000
  8.8000000e+001  3.1825981e-002  8.8000000e+001 -2.4760009e+000
  8.9000000e+001  5.0192424e-002  8.9000000e+001 -2.2629560e+000
  9.0000000e+001  6.6557855e-002  9.0000000e+001 -1.9596942e+000
  9.1000000e+001  8.0269833e-002  9.1000000e+001 -1.5783056e+000
  9.2000000e+001  9.0781706e-002  9.2000000e+001 -1.1339949e+000
  9.3000000e+001  9.7674400e-002  9.3000000e+001 -6.4447547e-001
  9.4000000e+001  1.0067312e-001  9.4000000e+001 -1.2926279e-001
  9.5000000e+001  9.9658327e-002  9.5000000e+001  3.9110318e-001
  9.6000000e+001  9.4670467e-002  9.6000000e+001  8.9587711e-001
  9.7000000e+001  8.5908395e-002  9.7000000e+001  1.3649352e+000
  9.8000000e+001  7.3721426e-002  9.8000000e+001  1.7795777e+000
  9.9000000e+001  5.8595417e-002  9.9000000e+001  2.1232740e+000
  1.0000000e+002  4.1133393e-002  1.0000000e+002  2.3823221e+000
