 -2.4484924e+000  0.0000000e+000
 -2.3984924e+000  2.0000000e-003
 -2.3484924e+000  2.0000000e-003
 -2.2984924e+000  0.0000000e+000
 -2.2484924e+000  2.0000000e-003
 -2.1984924e+000  0.0000000e+000
 -2.1484924e+000  8.0000000e-003
 -2.0984924e+000  2.0000000e-003
 -2.0484924e+000  6.0000000e-003
 -1.9984924e+000  1.0000000e-002
 -1.9484924e+000  8.0000000e-003
 -1.8984924e+000  1.4000000e-002
 -1.8484924e+000  1.8000000e-002
 -1.7984924e+000  3.0000000e-002
 -1.7484924e+000  3.0000000e-002
 -1.6984924e+000  4.4000000e-002
 -1.6484924e+000  2.4000000e-002
 -1.5984924e+000  5.0000000e-002
 -1.5484924e+000  6.0000000e-002
 -1.4984924e+000  6.2000000e-002
 -1.4484924e+000  7.2000000e-002
 -1.3984924e+000  1.0800000e-001
 -1.3484924e+000  1.0000000e-001
 -1.2984924e+000  1.3200000e-001
 -1.2484924e+000  1.4400000e-001
 -1.1984924e+000  1.6000000e-001
 -1.1484924e+000  1.6600000e-001
 -1.0984924e+000  1.9200000e-001
 -1.0484924e+000  2.1200000e-001
 -9.9849237e-001  2.1200000e-001
 -9.4849237e-001  2.3200000e-001
 -8.9849237e-001  2.6600000e-001
 -8.4849237e-001  2.8200000e-001
 -7.9849237e-001  3.6200000e-001
 -7.4849237e-001  3.3400000e-001
 -6.9849237e-001  4.0000000e-001
 -6.4849237e-001  4.1600000e-001
 -5.9849237e-001  3.9400000e-001
 -5.4849237e-001  4.3000000e-001
 -4.9849237e-001  4.6400000e-001
 -4.4849237e-001  4.4400000e-001
 -3.9849237e-001  4.6400000e-001
 -3.4849237e-001  5.1000000e-001
 -2.9849237e-001  5.0600000e-001
 -2.4849237e-001  5.1800000e-001
 -1.9849237e-001  5.4800000e-001
 -1.4849237e-001  5.2600000e-001
 -9.8492371e-002  6.3200000e-001
 -4.8492371e-002  5.5600000e-001
  1.5076291e-003  5.5400000e-001
  5.1507629e-002  5.0000000e-001
  1.0150763e-001  5.2800000e-001
  1.5150763e-001  4.9800000e-001
  2.0150763e-001  5.4400000e-001
  2.5150763e-001  4.9000000e-001
  3.0150763e-001  5.2800000e-001
  3.5150763e-001  4.4600000e-001
  4.0150763e-001  4.5000000e-001
  4.5150763e-001  4.6000000e-001
  5.0150763e-001  4.8400000e-001
  5.5150763e-001  3.7600000e-001
  6.0150763e-001  3.6200000e-001
  6.5150763e-001  3.5400000e-001
  7.0150763e-001  3.3400000e-001
  7.5150763e-001  3.1600000e-001
  8.0150763e-001  2.9400000e-001
  8.5150763e-001  2.3600000e-001
  9.0150763e-001  2.3600000e-001
  9.5150763e-001  2.0600000e-001
  1.0015076e+000  2.2400000e-001
  1.0515076e+000  1.7400000e-001
  1.1015076e+000  1.9400000e-001
  1.1515076e+000  1.3600000e-001
  1.2015076e+000  1.2400000e-001
  1.2515076e+000  1.2400000e-001
  1.3015076e+000  1.0800000e-001
  1.3515076e+000  9.0000000e-002
  1.4015076e+000  8.2000000e-002
  1.4515076e+000  6.6000000e-002
  1.5015076e+000  6.8000000e-002
  1.5515076e+000  5.4000000e-002
  1.6015076e+000  4.4000000e-002
  1.6515076e+000  3.2000000e-002
  1.7015076e+000  2.0000000e-002
  1.7515076e+000  2.4000000e-002
  1.8015076e+000  2.4000000e-002
  1.8515076e+000  1.0000000e-002
  1.9015076e+000  8.0000000e-003
  1.9515076e+000  1.2000000e-002
  2.0015076e+000  1.0000000e-002
  2.0515076e+000  6.0000000e-003
  2.1015076e+000  8.0000000e-003
  2.1515076e+000  4.0000000e-003
  2.2015076e+000  4.0000000e-003
  2.2515076e+000  0.0000000e+000
  2.3015076e+000  0.0000000e+000
  2.3515076e+000  0.0000000e+000

 -5.4776715e+000  0.0000000e+000
 -5.4276715e+000  0.0000000e+000
 -5.3776715e+000  2.0000000e-003
 -5.3276715e+000  0.0000000e+000
 -5.2776715e+000  0.0000000e+000
 -5.2276715e+000  0.0000000e+000
 -5.1776715e+000  0.0000000e+000
 -5.1276715e+000  0.0000000e+000
 -5.0776715e+000  2.0000000e-003
 -5.0276715e+000  0.0000000e+000
 -4.9776715e+000  4.0000000e-003
 -4.9276715e+000  2.0000000e-003
 -4.8776715e+000  0.0000000e+000
 -4.8276715e+000  2.0000000e-003
 -4.7776715e+000  0.0000000e+000
 -4.7276715e+000  6.0000000e-003
 -4.6776715e+000  0.0000000e+000
 -4.6276715e+000  6.0000000e-003
 -4.5776715e+000  2.0000000e-003
 -4.5276715e+000  6.0000000e-003
 -4.4776715e+000  8.0000000e-003
 -4.4276715e+000  4.0000000e-003
 -4.3776715e+000  4.0000000e-003
 -4.3276715e+000  6.0000000e-003
 -4.2776715e+000  8.0000000e-003
 -4.2276715e+000  4.0000000e-003
 -4.1776715e+000  1.8000000e-002
 -4.1276715e+000  1.0000000e-002
 -4.0776715e+000  6.0000000e-003
 -4.0276715e+000  6.0000000e-003
 -3.9776715e+000  1.2000000e-002
 -3.9276715e+000  2.0000000e-003
 -3.8776715e+000  1.2000000e-002
 -3.8276715e+000  1.0000000e-002
 -3.7776715e+000  6.0000000e-003
 -3.7276715e+000  1.2000000e-002
 -3.6776715e+000  3.0000000e-002
 -3.6276715e+000  2.0000000e-002
 -3.5776715e+000  1.8000000e-002
 -3.5276715e+000  1.4000000e-002
 -3.4776715e+000  2.8000000e-002
 -3.4276715e+000  2.6000000e-002
 -3.3776715e+000  2.6000000e-002
 -3.3276715e+000  2.2000000e-002
 -3.2776715e+000  3.0000000e-002
 -3.2276715e+000  4.8000000e-002
 -3.1776715e+000  3.4000000e-002
 -3.1276715e+000  5.6000000e-002
 -3.0776715e+000  4.4000000e-002
 -3.0276715e+000  4.0000000e-002
 -2.9776715e+000  5.6000000e-002
 -2.9276715e+000  4.4000000e-002
 -2.8776715e+000  7.2000000e-002
 -2.8276715e+000  4.8000000e-002
 -2.7776715e+000  4.6000000e-002
 -2.7276715e+000  8.6000000e-002
 -2.6776715e+000  7.0000000e-002
 -2.6276715e+000  7.4000000e-002
 -2.5776715e+000  6.0000000e-002
 -2.5276715e+000  6.6000000e-002
 -2.4776715e+000  1.0200000e-001
 -2.4276715e+000  8.6000000e-002
 -2.3776715e+000  9.0000000e-002
 -2.3276715e+000  6.6000000e-002
 -2.2776715e+000  1.0400000e-001
 -2.2276715e+000  1.0800000e-001
 -2.1776715e+000  8.2000000e-002
 -2.1276715e+000  1.1400000e-001
 -2.0776715e+000  1.3400000e-001
 -2.0276715e+000  1.3000000e-001
 -1.9776715e+000  1.1200000e-001
 -1.9276715e+000  1.3000000e-001
 -1.8776715e+000  1.4600000e-001
 -1.8276715e+000  1.1600000e-001
 -1.7776715e+000  1.3600000e-001
 -1.7276715e+000  1.5200000e-001
 -1.6776715e+000  1.1200000e-001
 -1.6276715e+000  1.4400000e-001
 -1.5776715e+000  1.5000000e-001
 -1.5276715e+000  1.8800000e-001
 -1.4776715e+000  1.7400000e-001
 -1.4276715e+000  1.8600000e-001
 -1.3776715e+000  1.9000000e-001
 -1.3276715e+000  1.6600000e-001
 -1.2776715e+000  1.7000000e-001
 -1.2276715e+000  1.9400000e-001
 -1.1776715e+000  1.9200000e-001
 -1.1276715e+000  1.8600000e-001
 -1.0776715e+000  1.9400000e-001
 -1.0276715e+000  1.8600000e-001
 -9.7767150e-001  2.2000000e-001
 -9.2767150e-001  2.0600000e-001
 -8.7767150e-001  2.0000000e-001
 -8.2767150e-001  2.1800000e-001
 -7.7767150e-001  2.1000000e-001
 -7.2767150e-001  2.3600000e-001
 -6.7767150e-001  2.5000000e-001
 -6.2767150e-001  2.4000000e-001
 -5.7767150e-001  2.1400000e-001
 -5.2767150e-001  1.9400000e-001
 -4.7767150e-001  2.4200000e-001
 -4.2767150e-001  2.3600000e-001
 -3.7767150e-001  2.5600000e-001
 -3.2767150e-001  2.0600000e-001
 -2.7767150e-001  2.2800000e-001
 -2.2767150e-001  2.6400000e-001
 -1.7767150e-001  2.2800000e-001
 -1.2767150e-001  2.5000000e-001
 -7.7671504e-002  2.7200000e-001
 -2.7671504e-002  2.7600000e-001
  2.2328496e-002  2.6000000e-001
  7.2328496e-002  2.6200000e-001
  1.2232850e-001  2.4800000e-001
  1.7232850e-001  2.1800000e-001
  2.2232850e-001  2.3800000e-001
  2.7232850e-001  2.0600000e-001
  3.2232850e-001  2.3000000e-001
  3.7232850e-001  2.1600000e-001
  4.2232850e-001  2.6000000e-001
  4.7232850e-001  2.5200000e-001
  5.2232850e-001  2.6600000e-001
  5.7232850e-001  2.4000000e-001
  6.2232850e-001  2.4800000e-001
  6.7232850e-001  2.2200000e-001
  7.2232850e-001  2.4800000e-001
  7.7232850e-001  2.4000000e-001
  8.2232850e-001  2.2600000e-001
  8.7232850e-001  1.9800000e-001
  9.2232850e-001  2.0000000e-001
  9.7232850e-001  2.1400000e-001
  1.0223285e+000  2.0200000e-001
  1.0723285e+000  1.5800000e-001
  1.1223285e+000  1.9800000e-001
  1.1723285e+000  2.2800000e-001
  1.2223285e+000  1.6400000e-001
  1.2723285e+000  1.7800000e-001
  1.3223285e+000  1.9200000e-001
  1.3723285e+000  1.5400000e-001
  1.4223285e+000  1.1200000e-001
  1.4723285e+000  1.5000000e-001
  1.5223285e+000  1.6400000e-001
  1.5723285e+000  1.7400000e-001
  1.6223285e+000  1.1800000e-001
  1.6723285e+000  1.4000000e-001
  1.7223285e+000  1.3400000e-001
  1.7723285e+000  1.5400000e-001
  1.8223285e+000  1.5400000e-001
  1.8723285e+000  1.1800000e-001
  1.9223285e+000  1.2400000e-001
  1.9723285e+000  1.2600000e-001
  2.0223285e+000  1.2200000e-001
  2.0723285e+000  9.6000000e-002
  2.1223285e+000  1.1600000e-001
  2.1723285e+000  1.0200000e-001
  2.2223285e+000  1.1000000e-001
  2.2723285e+000  1.1000000e-001
  2.3223285e+000  1.1200000e-001
  2.3723285e+000  7.8000000e-002
  2.4223285e+000  8.2000000e-002
  2.4723285e+000  8.4000000e-002
  2.5223285e+000  6.6000000e-002
  2.5723285e+000  6.6000000e-002
  2.6223285e+000  6.6000000e-002
  2.6723285e+000  5.8000000e-002
  2.7223285e+000  5.4000000e-002
  2.7723285e+000  5.4000000e-002
  2.8223285e+000  5.8000000e-002
  2.8723285e+000  3.8000000e-002
  2.9223285e+000  4.0000000e-002
  2.9723285e+000  3.8000000e-002
  3.0223285e+000  5.8000000e-002
  3.0723285e+000  2.6000000e-002
  3.1223285e+000  2.6000000e-002
  3.1723285e+000  3.8000000e-002
  3.2223285e+000  2.6000000e-002
  3.2723285e+000  3.2000000e-002
  3.3223285e+000  2.6000000e-002
  3.3723285e+000  2.2000000e-002
  3.4223285e+000  2.2000000e-002
  3.4723285e+000  2.4000000e-002
  3.5223285e+000  1.4000000e-002
  3.5723285e+000  1.8000000e-002
  3.6223285e+000  2.4000000e-002
  3.6723285e+000  8.0000000e-003
  3.7223285e+000  2.4000000e-002
  3.7723285e+000  1.8000000e-002
  3.8223285e+000  1.2000000e-002
  3.8723285e+000  1.0000000e-002
  3.9223285e+000  8.0000000e-003
  3.9723285e+000  1.4000000e-002
  4.0223285e+000  8.0000000e-003
  4.0723285e+000  6.0000000e-003
  4.1223285e+000  8.0000000e-003
  4.1723285e+000  2.0000000e-003
  4.2223285e+000  8.0000000e-003
  4.2723285e+000  4.0000000e-003
  4.3223285e+000  4.0000000e-003
  4.3723285e+000  2.0000000e-003
  4.4223285e+000  4.0000000e-003
  4.4723285e+000  2.0000000e-003
  4.5223285e+000  4.0000000e-003
  4.5723285e+000  2.0000000e-003
  4.6223285e+000  0.0000000e+000
  4.6723285e+000  2.0000000e-003
  4.7223285e+000  0.0000000e+000
  4.7723285e+000  2.0000000e-003
  4.8223285e+000  0.0000000e+000
  4.8723285e+000  2.0000000e-003
  4.9223285e+000  0.0000000e+000
  4.9723285e+000  0.0000000e+000
  5.0223285e+000  0.0000000e+000
  5.0723285e+000  2.0000000e-003
  5.1223285e+000  0.0000000e+000
  5.1723285e+000  0.0000000e+000
  5.2223285e+000  0.0000000e+000
  5.2723285e+000  0.0000000e+000
  5.3223285e+000  0.0000000e+000
  5.3723285e+000  0.0000000e+000
  5.4223285e+000  0.0000000e+000
