  0.0000000e+000  1.0000000e+000  0.0000000e+000  1.0000000e+000
  1.0000000e-003  1.0139300e+000  1.0000000e-003  9.9694966e-001
  2.0000000e-003  9.9430344e-001  2.0000000e-003  9.9041841e-001
  3.0000000e-003  9.4239111e-001  3.0000000e-003  9.8051246e-001
  4.0000000e-003  8.6246038e-001  4.0000000e-003  9.6736946e-001
  5.0000000e-003  7.6152872e-001  5.0000000e-003  9.5115621e-001
  6.0000000e-003  6.4868541e-001  6.0000000e-003  9.3206616e-001
  7.0000000e-003  5.3403326e-001  7.0000000e-003  9.1031666e-001
  8.0000000e-003  4.2741482e-001  8.0000000e-003  8.8614603e-001
  9.0000000e-003  3.3715898e-001  9.0000000e-003  8.5981053e-001
  1.0000000e-002  2.6908354e-001  1.0000000e-002  8.3158125e-001
  1.1000000e-002  2.2591551e-001  1.1000000e-002  8.0174096e-001
  1.2000000e-002  2.0718171e-001  1.2000000e-002  7.7058092e-001
  1.3000000e-002  2.0952476e-001  1.3000000e-002  7.3839779e-001
  1.4000000e-002  2.2734384e-001  1.4000000e-002  7.0549055e-001
  1.5000000e-002  2.5364889e-001  1.5000000e-002  6.7215746e-001
  1.6000000e-002  2.8102854e-001  1.6000000e-002  6.3869315e-001
  1.7000000e-002  3.0264001e-001  1.7000000e-002  6.0538580e-001
  1.8000000e-002  3.1311875e-001  1.8000000e-002  5.7251440e-001
  1.9000000e-002  3.0928369e-001  1.9000000e-002  5.4034616e-001
  2.0000000e-002  2.9050749e-001  2.0000000e-002  5.0913400e-001
  2.1000000e-002  2.5865921e-001  2.1000000e-002  4.7911415e-001
  2.2000000e-002  2.1761809e-001  2.2000000e-002  4.5050399e-001
  2.3000000e-002  1.7247144e-001  2.3000000e-002  4.2349985e-001
  2.4000000e-002  1.2859465e-001  2.4000000e-002  3.9827513e-001
  2.5000000e-002  9.0823406e-002  2.5000000e-002  3.7497853e-001
  2.6000000e-002  6.2866755e-002  2.6000000e-002  3.5373239e-001
  2.7000000e-002  4.7010558e-002  2.7000000e-002  3.3463140e-001
  2.8000000e-002  4.4073033e-002  2.8000000e-002  3.1774142e-001
  2.9000000e-002  5.3526294e-002  2.9000000e-002  3.0309866e-001
  3.0000000e-002  7.3693250e-002  3.0000000e-002  2.9070910e-001
  3.1000000e-002  1.0195424e-001  3.1000000e-002  2.8054833e-001
  3.2000000e-002  1.3493595e-001  3.2000000e-002  2.7256173e-001
  3.3000000e-002  1.6869526e-001  3.3000000e-002  2.6666508e-001
  3.4000000e-002  1.9894549e-001  3.4000000e-002  2.6274564e-001
  3.5000000e-002  2.2139358e-001  3.5000000e-002  2.6066364e-001
  3.6000000e-002  2.3224756e-001  3.6000000e-002  2.6025436e-001
  3.7000000e-002  2.2889091e-001  3.7000000e-002  2.6133059e-001
  3.8000000e-002  2.1059695e-001  3.8000000e-002  2.6368563e-001
  3.9000000e-002  1.7901616e-001  3.9000000e-002  2.6709669e-001
  4.0000000e-002  1.3812693e-001  4.0000000e-002  2.7132871e-001
  4.1000000e-002  9.3504984e-002  4.1000000e-002  2.7613851e-001
  4.2000000e-002  5.1099051e-002  4.2000000e-002  2.8127912e-001
  4.3000000e-002  1.5972974e-002  4.3000000e-002  2.8650436e-001
  4.4000000e-002  8.5325962e-003  4.4000000e-002  2.9157340e-001
  4.5000000e-002  2.1032508e-002  4.5000000e-002  2.9625520e-001
  4.6000000e-002  2.1836600e-002  4.6000000e-002  3.0033287e-001
  4.7000000e-002  1.2452713e-002  4.7000000e-002  3.0360762e-001
  4.8000000e-002  4.9185258e-003  4.8000000e-002  3.0590233e-001
  4.9000000e-002  2.7774359e-002  4.9000000e-002  3.0706463e-001
  5.0000000e-002  5.3560305e-002  5.0000000e-002  3.0696935e-001
  5.1000000e-002  7.9811470e-002  5.1000000e-002  3.0552040e-001
  5.2000000e-002  1.0423847e-001  5.2000000e-002  3.0265187e-001
  5.3000000e-002  1.2481500e-001  5.3000000e-002  2.9832856e-001
  5.4000000e-002  1.3991637e-001  5.4000000e-002  2.9254576e-001
  5.5000000e-002  1.4853569e-001  5.5000000e-002  2.8532846e-001
  5.6000000e-002  1.5055634e-001  5.6000000e-002  2.7672993e-001
  5.7000000e-002  1.4698137e-001  5.7000000e-002  2.6682985e-001
  5.8000000e-002  1.3994919e-001  5.8000000e-002  2.5573195e-001
  5.9000000e-002  1.3237746e-001  5.9000000e-002  2.4356141e-001
  6.0000000e-002  1.2724311e-001  6.0000000e-002  2.3046190e-001
  6.1000000e-002  1.2675174e-001  6.1000000e-002  2.1659250e-001
  6.2000000e-002  1.3176632e-001  6.2000000e-002  2.0212462e-001
  6.3000000e-002  1.4171584e-001  6.3000000e-002  1.8723874e-001
  6.4000000e-002  1.5491994e-001  6.4000000e-002  1.7212141e-001
  6.5000000e-002  1.6908844e-001  6.5000000e-002  1.5696219e-001
  6.6000000e-002  1.8177582e-001  6.6000000e-002  1.4195081e-001
  6.7000000e-002  1.9069609e-001  6.7000000e-002  1.2727455e-001
  6.8000000e-002  1.9391203e-001  6.8000000e-002  1.1311578e-001
  6.9000000e-002  1.8995988e-001  6.9000000e-002  9.9649684e-002
  7.0000000e-002  1.7796818e-001  7.0000000e-002  8.7042268e-002
  7.1000000e-002  1.5780157e-001  7.1000000e-002  7.5448547e-002
  7.2000000e-002  1.3022048e-001  7.2000000e-002  6.5010938e-002
  7.3000000e-002  9.7003205e-002  7.3000000e-002  5.5857855e-002
  7.4000000e-002  6.0940304e-002  7.4000000e-002  4.8102488e-002
  7.5000000e-002  2.5608070e-002  7.5000000e-002  4.1841743e-002
  7.6000000e-002  5.1167468e-003  7.6000000e-002  3.7155342e-002
  7.7000000e-002  2.7726090e-002  7.7000000e-002  3.4105069e-002
  7.8000000e-002  3.9744897e-002  7.8000000e-002  3.2734144e-002
  7.9000000e-002  4.0170124e-002  7.9000000e-002  3.3066734e-002
  8.0000000e-002  2.9553405e-002  8.0000000e-002  3.5107585e-002
  8.1000000e-002  9.7528618e-003  8.1000000e-002  3.8841790e-002
  8.2000000e-002  1.6499316e-002  8.2000000e-002  4.4234686e-002
  8.3000000e-002  4.6043140e-002  8.3000000e-002  5.1231897e-002
  8.4000000e-002  7.5638050e-002  8.4000000e-002  5.9759539e-002
  8.5000000e-002  1.0218112e-001  8.5000000e-002  6.9724598e-002
  8.6000000e-002  1.2283144e-001  8.6000000e-002  8.1015494e-002
  8.7000000e-002  1.3511071e-001  8.7000000e-002  9.3502874e-002
  8.8000000e-002  1.3705957e-001  8.8000000e-002  1.0704062e-001
  8.9000000e-002  1.2751432e-001  8.9000000e-002  1.2146713e-001
  9.0000000e-002  1.0651773e-001  9.0000000e-002  1.3660683e-001
  9.1000000e-002  7.5771285e-002  9.1000000e-002  1.5227203e-001
  9.2000000e-002  3.8888627e-002  9.2000000e-002  1.6826498e-001
  9.3000000e-002  1.1209122e-003  9.3000000e-002  1.8438026e-001
  9.4000000e-002  3.1635582e-002  9.4000000e-002  2.0040744e-001
  9.5000000e-002  5.4318090e-002  9.5000000e-002  2.1613395e-001
  9.6000000e-002  6.4011208e-002  9.6000000e-002  2.3134816e-001
  9.7000000e-002  6.0463782e-002  9.7000000e-002  2.4584262e-001
  9.8000000e-002  4.5680656e-002  9.8000000e-002  2.5941742e-001
  9.9000000e-002  2.2984083e-002  9.9000000e-002  2.7188350e-001
  1.0000000e-001  3.9313688e-003  1.0000000e-001  2.8306599e-001
  1.0100000e-001  3.1641595e-002  1.0100000e-001  2.9280735e-001
  1.0200000e-001  5.7293463e-002  1.0200000e-001  3.0097025e-001
  1.0300000e-001  7.8669174e-002  1.0300000e-001  3.0744022e-001
  1.0400000e-001  9.4143944e-002  1.0400000e-001  3.1212779e-001
  1.0500000e-001  1.0263273e-001  1.0500000e-001  3.1497023e-001
  1.0600000e-001  1.0357856e-001  1.0600000e-001  3.1593272e-001
  1.0700000e-001  9.6997693e-002  1.0700000e-001  3.1500891e-001
  1.0800000e-001  8.3562927e-002  1.0800000e-001  3.1222097e-001
  1.0900000e-001  6.4671804e-002  1.0900000e-001  3.0761895e-001
  1.1000000e-001  4.2418280e-002  1.1000000e-001  3.0127961e-001
  1.1100000e-001  1.9386943e-002  1.1100000e-001  2.9330465e-001
  1.1200000e-001  1.7559871e-003  1.1200000e-001  2.8381856e-001
  1.1300000e-001  1.8794666e-002  1.1300000e-001  2.7296595e-001
  1.1400000e-001  3.0440698e-002  1.1400000e-001  2.6090859e-001
  1.1500000e-001  3.6569994e-002  1.1500000e-001  2.4782223e-001
  1.1600000e-001  3.8140744e-002  1.1600000e-001  2.3389328e-001
  1.1700000e-001  3.6860260e-002  1.1700000e-001  2.1931533e-001
  1.1800000e-001  3.4752285e-002  1.1800000e-001  2.0428588e-001
  1.1900000e-001  3.3761425e-002  1.1900000e-001  1.8900298e-001
  1.2000000e-001  3.5460209e-002  1.2000000e-001  1.7366217e-001
  1.2100000e-001  4.0857958e-002  1.2100000e-001  1.5845358e-001
  1.2200000e-001  5.0280661e-002  1.2200000e-001  1.4355932e-001
  1.2300000e-001  6.3296868e-002  1.2300000e-001  1.2915116e-001
  1.2400000e-001  7.8691744e-002  1.2400000e-001  1.1538846e-001
  1.2500000e-001  9.4523474e-002  1.2500000e-001  1.0241653e-001
  1.2600000e-001  1.0831497e-001  1.2600000e-001  9.0365142e-002
  1.2700000e-001  1.1741880e-001  1.2700000e-001  7.9347497e-002
  1.2800000e-001  1.1953204e-001  1.2800000e-001  6.9459363e-002
  1.2900000e-001  1.1324657e-001  1.2900000e-001  6.0778522e-002
  1.3000000e-001  9.8455559e-002  1.3000000e-001  5.3364455e-002
  1.3100000e-001  7.6459567e-002  1.3100000e-001  4.7258239e-002
  1.3200000e-001  4.9734478e-002  1.3200000e-001  4.2482640e-002
  1.3300000e-001  2.1464893e-002  1.3300000e-001  3.9042394e-002
  1.3400000e-001  4.9810374e-003  1.3400000e-001  3.6924636e-002
  1.3500000e-001  2.6487956e-002  1.3500000e-001  3.6099478e-002
  1.3600000e-001  4.0480138e-002  1.3600000e-001  3.6520724e-002
  1.3700000e-001  4.5078925e-002  1.3700000e-001  3.8126698e-002
  1.3800000e-001  3.9190625e-002  1.3800000e-001  4.0841197e-002
  1.3900000e-001  2.2583130e-002  1.3900000e-001  4.4574556e-002
  1.4000000e-001  4.0189826e-003  1.4000000e-001  4.9224813e-002
  1.4100000e-001  3.8833045e-002  1.4100000e-001  5.4678992e-002
  1.4200000e-001  7.8968172e-002  1.4200000e-001  6.0814492e-002
  1.4300000e-001  1.2051831e-001  1.4300000e-001  6.7500575e-002
  1.4400000e-001  1.5889004e-001  1.4400000e-001  7.4599965e-002
  1.4500000e-001  1.8939725e-001  1.4500000e-001  8.1970543e-002
  1.4600000e-001  2.0803784e-001  1.4600000e-001  8.9467136e-002
  1.4700000e-001  2.1224526e-001  1.4700000e-001  9.6943384e-002
  1.4800000e-001  2.0136660e-001  1.4800000e-001  1.0425368e-001
  1.4900000e-001  1.7670920e-001  1.4900000e-001  1.1125516e-001
