  0.0000000e+000 -9.6461806e-001  0.0000000e+000  0.0000000e+000
  1.0000000e+000 -9.4538992e-001  1.0000000e+000 -1.4364675e-001
  2.0000000e+000 -8.8847207e-001  2.0000000e+000 -2.8156676e-001
  3.0000000e+000 -7.9613364e-001  3.0000000e+000 -4.0826159e-001
  4.0000000e+000 -6.7205587e-001  4.0000000e+000 -5.1868032e-001
  5.0000000e+000 -5.2118536e-001  5.0000000e+000 -6.0842090e-001
  6.0000000e+000 -3.4953683e-001  6.0000000e+000 -6.7390566e-001
  7.0000000e+000 -1.6395338e-001  7.0000000e+000 -7.1252393e-001
  8.0000000e+000  2.8166386e-002  8.0000000e+000 -7.2273612e-001
  9.0000000e+000  2.1916324e-001  9.0000000e+000 -7.0413510e-001
  1.0000000e+001  4.0142275e-001  1.0000000e+001 -6.5746243e-001
  1.1000000e+001  5.6767880e-001  1.1000000e+001 -5.8457881e-001
  1.2000000e+001  7.1130329e-001  1.2000000e+001 -4.8838988e-001
  1.3000000e+001  8.2657036e-001  1.3000000e+001 -3.7273039e-001
  1.4000000e+001  9.0888468e-001  1.4000000e+001 -2.4221131e-001
  1.5000000e+001  9.5496464e-001  1.5000000e+001 -1.0203603e-001
  1.6000000e+001  9.6297317e-001  1.6000000e+001  4.2207099e-002
  1.7000000e+001  9.3259099e-001  1.7000000e+001  1.8476757e-001
  1.8000000e+001  8.6502936e-001  1.8000000e+001  3.1996194e-001
  1.9000000e+001  7.6298174e-001  1.9000000e+001  4.4240043e-001
  2.0000000e+001  6.3051644e-001  2.0000000e+001  5.4720182e-001
  2.1000000e+001  4.7291444e-001  2.1000000e+001  6.3018800e-001
  2.2000000e+001  2.9645884e-001  2.2000000e+001  6.8805057e-001
  2.3000000e+001  1.0818435e-001  2.3000000e+001  7.1848274e-001
  2.4000000e+001 -8.4403099e-002  2.4000000e+001  7.2027126e-001
  2.5000000e+001 -2.7362567e-001  2.5000000e+001  6.9334485e-001
  2.6000000e+001 -4.5193964e-001  2.6000000e+001  6.3877696e-001
  2.7000000e+001 -6.1223621e-001  2.7000000e+001  5.5874305e-001
  2.8000000e+001 -7.4812485e-001  2.8000000e+001  4.5643382e-001
  2.9000000e+001 -8.5418812e-001  2.9000000e+001  3.3592801e-001
  3.0000000e+001 -9.2619760e-001  3.0000000e+001  2.0202982e-001
  3.1000000e+001 -9.6128250e-001  3.1000000e+001  6.0077329e-002
  3.2000000e+001 -9.5804411e-001  3.2000000e+001 -8.4270252e-002
  3.3000000e+001 -9.1661152e-001  3.3000000e+001 -2.2525824e-001
  3.4000000e+001 -8.3863652e-001  3.4000000e+001 -3.5726590e-001
  3.5000000e+001 -7.2722773e-001  3.5000000e+001 -4.7503049e-001
  3.6000000e+001 -5.8682666e-001  3.6000000e+001 -5.7385712e-001
  3.7000000e+001 -4.2303067e-001  3.7000000e+001 -6.4980587e-001
  3.8000000e+001 -2.4236978e-001  3.8000000e+001 -6.9984892e-001
  3.9000000e+001 -5.2046373e-002  3.9000000e+001 -7.2199119e-001
  4.0000000e+001  1.4035196e-001  4.0000000e+001 -7.1534996e-001
  4.1000000e+001  3.2715490e-001  4.1000000e+001 -6.8018998e-001
  4.2000000e+001  5.0091521e-001  4.2000000e+001 -6.1791297e-001
  4.3000000e+001  6.5470561e-001  4.3000000e+001 -5.3100172e-001
  4.4000000e+001  7.8239497e-001  4.4000000e+001 -4.2292111e-001
  4.5000000e+001  8.7889270e-001  4.5000000e+001 -2.9797997e-001
  4.6000000e+001  9.4035176e-001  4.6000000e+001 -1.6115931e-001
  4.7000000e+001  9.6432196e-001  4.7000000e+001 -1.7913733e-002
  4.8000000e+001  9.4984769e-001  4.8000000e+001  1.2604601e-001
  4.9000000e+001  8.9750598e-001  4.9000000e+001  2.6498069e-001
  5.0000000e+001  8.0938355e-001  5.0000000e+001  3.9335143e-001
  5.1000000e+001  6.8899355e-001  5.1000000e+001  5.0604049e-001
  5.2000000e+001  5.4113554e-001  5.2000000e+001  5.9855531e-001
  5.3000000e+001  3.7170418e-001  5.3000000e+001  6.6720762e-001
  5.4000000e+001  1.8745414e-001  5.4000000e+001  7.0926047e-001
  5.5000000e+001 -4.2691082e-003  5.5000000e+001  7.2303734e-001
  5.6000000e+001 -1.9582216e-001  5.6000000e+001  7.0798899e-001
  5.7000000e+001 -3.7956839e-001  5.7000000e+001  6.6471536e-001
  5.8000000e+001 -5.4818244e-001  5.8000000e+001  5.9494162e-001
  5.9000000e+001 -6.9494218e-001  5.9000000e+001  5.0144944e-001
  6.0000000e+001 -8.1399677e-001  6.0000000e+001  3.8796605e-001
  6.1000000e+001 -9.0059987e-001  6.1000000e+001  2.5901568e-001
  6.2000000e+001 -9.5129890e-001  6.2000000e+001  1.1973918e-001
  6.3000000e+001 -9.6407265e-001  6.3000000e+001 -2.4310957e-002
  6.4000000e+001 -9.3841186e-001  6.4000000e+001 -1.6739189e-001
  6.5000000e+001 -8.7533955e-001  6.5000000e+001 -3.0379943e-001
  6.6000000e+001 -7.7737022e-001  6.6000000e+001 -4.2809545e-001
  6.7000000e+001 -6.4840959e-001  6.7000000e+001 -5.3532466e-001
  6.8000000e+001 -4.9359891e-001  6.8000000e+001 -6.2121216e-001
  6.9000000e+001 -3.1911000e-001  6.9000000e+001 -6.8233389e-001
  7.0000000e+001 -1.3189919e-001  7.0000000e+001 -7.1625312e-001
  7.1000000e+001  6.0570030e-002  7.1000000e+001 -7.2161760e-001
  7.2000000e+001  2.5062451e-001  7.2000000e+001 -6.9821347e-001
  7.3000000e+001  4.3068739e-001  7.3000000e+001 -6.4697376e-001
  7.4000000e+001  5.9358012e-001  7.4000000e+001 -5.6994126e-001
  7.5000000e+001  7.3280868e-001  7.5000000e+001 -4.7018699e-001
  7.6000000e+001  8.4282247e-001  7.6000000e+001 -3.5168786e-001
  7.7000000e+001  9.1923559e-001  7.7000000e+001 -2.1916804e-001
  7.8000000e+001  9.5900169e-001  7.8000000e+001 -7.7910677e-002
  7.9000000e+001  9.6053542e-001  7.9000000e+001  6.6452735e-002
  8.0000000e+001  9.2377563e-001  8.0000000e+001  2.0816689e-001
  8.1000000e+001  8.5018782e-001  8.1000000e+001  3.4158208e-001
  8.2000000e+001  7.4270571e-001  8.2000000e+001  4.6137948e-001
  8.3000000e+001  6.0561426e-001  8.3000000e+001  5.6278313e-001
  8.4000000e+001  4.4437888e-001  8.4000000e+001  6.4175039e-001
  8.5000000e+001  2.6542752e-001  8.5000000e+001  6.9513309e-001
  8.6000000e+001  7.5894407e-002  8.6000000e+001  7.2080303e-001
  8.7000000e+001 -1.1666438e-001  8.7000000e+001  7.1773683e-001
  8.8000000e+001 -3.0457213e-001  8.8000000e+001  6.8605672e-001
  8.9000000e+001 -4.8033754e-001  8.9000000e+001  6.2702570e-001
  9.0000000e+001 -6.3695342e-001  9.0000000e+001  5.4299714e-001
  9.1000000e+001 -7.6817597e-001  9.1000000e+001  4.3732100e-001
  9.2000000e+001 -8.6877377e-001  9.2000000e+001  3.1421025e-001
  9.3000000e+001 -9.3473630e-001  9.3000000e+001  1.7857293e-001
  9.4000000e+001 -9.6343385e-001  9.4000000e+001  3.5816469e-002
  9.5000000e+001 -9.5372233e-001  9.5000000e+001 -1.0836788e-001
  9.6000000e+001 -9.0598891e-001  9.6000000e+001 -2.4823194e-001
  9.7000000e+001 -8.2213657e-001  9.7000000e+001 -3.7819978e-001
  9.8000000e+001 -7.0550823e-001  9.8000000e+001 -4.9308999e-001
  9.9000000e+001 -5.6075352e-001  9.9000000e+001 -5.8832226e-001
  1.0000000e+002 -3.9364333e-001  1.0000000e+002 -6.6009997e-001
