 -8.1616412e-001  3.7200000e-001
 -7.6616412e-001  4.1800000e-001
 -7.1616412e-001  3.7400000e-001
 -6.6616412e-001  4.4600000e-001
 -6.1616412e-001  4.6400000e-001
 -5.6616412e-001  4.6600000e-001
 -5.1616412e-001  4.9800000e-001
 -4.6616412e-001  5.0200000e-001
 -4.1616412e-001  5.1800000e-001
 -3.6616412e-001  5.6600000e-001
 -3.1616412e-001  6.9000000e-001
 -2.6616412e-001  5.9200000e-001
 -2.1616412e-001  7.1400000e-001
 -1.6616412e-001  8.2400000e-001
 -1.1616412e-001  8.6200000e-001
 -6.6164124e-002  1.2740000e+000
 -1.6164124e-002  1.3660000e+000
  3.3835876e-002  9.6800000e-001
  8.3835876e-002  8.4000000e-001
  1.3383588e-001  7.4200000e-001
  1.8383588e-001  7.1600000e-001
  2.3383588e-001  6.4200000e-001
  2.8383588e-001  6.2800000e-001
  3.3383588e-001  5.6800000e-001
  3.8383588e-001  5.0000000e-001
  4.3383588e-001  5.0000000e-001
  4.8383588e-001  5.0400000e-001
  5.3383588e-001  5.0800000e-001
  5.8383588e-001  4.2200000e-001
  6.3383588e-001  4.4200000e-001
  6.8383588e-001  3.5800000e-001
  7.3383588e-001  4.3400000e-001
 -1.8258905e+000  1.6400000e-001
 -1.7758905e+000  1.6200000e-001
 -1.7258905e+000  1.8800000e-001
 -1.6758905e+000  1.8800000e-001
 -1.6258905e+000  1.9000000e-001
 -1.5758905e+000  2.2000000e-001
 -1.5258905e+000  1.9600000e-001
 -1.4758905e+000  1.7200000e-001
 -1.4258905e+000  2.0000000e-001
 -1.3758905e+000  2.0400000e-001
 -1.3258905e+000  1.9800000e-001
 -1.2758905e+000  1.7800000e-001
 -1.2258905e+000  2.4200000e-001
 -1.1758905e+000  2.3400000e-001
 -1.1258905e+000  2.2600000e-001
 -1.0758905e+000  2.0400000e-001
 -1.0258905e+000  2.4800000e-001
 -9.7589050e-001  2.3600000e-001
 -9.2589050e-001  2.5000000e-001
 -8.7589050e-001  2.3000000e-001
 -8.2589050e-001  2.8800000e-001
 -7.7589050e-001  2.4400000e-001
 -7.2589050e-001  3.0200000e-001
 -6.7589050e-001  2.5400000e-001
 -6.2589050e-001  2.5600000e-001
 -5.7589050e-001  3.0200000e-001
 -5.2589050e-001  2.6800000e-001
 -4.7589050e-001  2.9200000e-001
 -4.2589050e-001  3.5200000e-001
 -3.7589050e-001  3.3800000e-001
 -3.2589050e-001  4.2200000e-001
 -2.7589050e-001  3.5600000e-001
 -2.2589050e-001  3.8800000e-001
 -1.7589050e-001  4.6200000e-001
 -1.2589050e-001  4.2200000e-001
 -7.5890501e-002  5.5200000e-001
 -2.5890501e-002  6.8200000e-001
  2.4109499e-002  5.7400000e-001
  7.4109499e-002  4.3200000e-001
  1.2410950e-001  4.3600000e-001
  1.7410950e-001  3.8800000e-001
  2.2410950e-001  3.9400000e-001
  2.7410950e-001  3.9800000e-001
  3.2410950e-001  3.4200000e-001
  3.7410950e-001  3.4400000e-001
  4.2410950e-001  3.2600000e-001
  4.7410950e-001  3.2600000e-001
  5.2410950e-001  3.0200000e-001
  5.7410950e-001  2.7800000e-001
  6.2410950e-001  3.0800000e-001
  6.7410950e-001  2.4000000e-001
  7.2410950e-001  2.6400000e-001
  7.7410950e-001  2.3800000e-001
  8.2410950e-001  2.4000000e-001
  8.7410950e-001  2.5000000e-001
  9.2410950e-001  2.2800000e-001
  9.7410950e-001  2.2600000e-001
  1.0241095e+000  2.2200000e-001
  1.0741095e+000  2.4000000e-001
  1.1241095e+000  2.0400000e-001
  1.1741095e+000  2.1200000e-001
  1.2241095e+000  2.1200000e-001
  1.2741095e+000  2.1200000e-001
  1.3241095e+000  2.2600000e-001
  1.3741095e+000  1.7200000e-001
  1.4241095e+000  1.9200000e-001
  1.4741095e+000  1.7600000e-001
  1.5241095e+000  1.8400000e-001
  1.5741095e+000  1.7800000e-001
  1.6241095e+000  1.5000000e-001
  1.6741095e+000  1.7600000e-001
  1.7241095e+000  1.8800000e-001
  1.7741095e+000  2.0000000e-001
