  0.0000000e+000  1.0000000e+000  0.0000000e+000  1.0000000e+000
  1.0000000e-003  9.9394259e-001  1.0000000e-003  1.0000713e+000
  2.0000000e-003  9.7085934e-001  2.0000000e-003  9.9813385e-001
  3.0000000e-003  9.3131999e-001  3.0000000e-003  9.9419008e-001
  4.0000000e-003  8.7633513e-001  4.0000000e-003  9.8824832e-001
  5.0000000e-003  8.0732931e-001  5.0000000e-003  9.8032291e-001
  6.0000000e-003  7.2610141e-001  6.0000000e-003  9.7043411e-001
  7.0000000e-003  6.3477378e-001  7.0000000e-003  9.5860808e-001
  8.0000000e-003  5.3573314e-001  8.0000000e-003  9.4487677e-001
  9.0000000e-003  4.3156878e-001  9.0000000e-003  9.2927779e-001
  1.0000000e-002  3.2502239e-001  1.0000000e-002  9.1185437e-001
  1.1000000e-002  2.1900839e-001  1.1000000e-002  8.9265514e-001
  1.2000000e-002  1.1712841e-001  1.2000000e-002  8.7173404e-001
  1.3000000e-002  3.4997533e-002  1.3000000e-002  8.4915008e-001
  1.4000000e-002  8.3540456e-002  1.4000000e-002  8.2496722e-001
  1.5000000e-002  1.6175967e-001  1.5000000e-002  7.9925411e-001
  1.6000000e-002  2.3081065e-001  1.6000000e-002  7.7208392e-001
  1.7000000e-002  2.8763676e-001  1.7000000e-002  7.4353406e-001
  1.8000000e-002  3.3095456e-001  1.8000000e-002  7.1368594e-001
  1.9000000e-002  3.6011377e-001  1.9000000e-002  6.8262472e-001
  2.0000000e-002  3.7494718e-001  2.0000000e-002  6.5043906e-001
  2.1000000e-002  3.7572694e-001  2.1000000e-002  6.1722076e-001
  2.2000000e-002  3.6313431e-001  2.2000000e-002  5.8306456e-001
  2.3000000e-002  3.3822562e-001  2.3000000e-002  5.4806778e-001
  2.4000000e-002  3.0239093e-001  2.4000000e-002  5.1233000e-001
  2.5000000e-002  2.5730546e-001  2.5000000e-002  4.7595282e-001
  2.6000000e-002  2.0487645e-001  2.6000000e-002  4.3903945e-001
  2.7000000e-002  1.4719359e-001  2.7000000e-002  4.0169447e-001
  2.8000000e-002  8.6530664e-002  2.8000000e-002  3.6402352e-001
  2.9000000e-002  2.6303870e-002  2.9000000e-002  3.2613297e-001
  3.0000000e-002  3.8414992e-002  3.0000000e-002  2.8812973e-001
  3.1000000e-002  9.4973845e-002  3.1000000e-002  2.5012106e-001
  3.2000000e-002  1.4717148e-001  3.2000000e-002  2.1221465e-001
  3.3000000e-002  1.9274789e-001  3.3000000e-002  1.7451911e-001
  3.4000000e-002  2.3023466e-001  3.4000000e-002  1.3714585e-001
  3.5000000e-002  2.5852918e-001  3.5000000e-002  1.0021580e-001
  3.6000000e-002  2.7687774e-001  3.6000000e-002  6.3889253e-002
  3.7000000e-002  2.8488268e-001  3.7000000e-002  2.8617916e-002
  3.8000000e-002  2.8250480e-001  3.8000000e-002  1.1066762e-002
  3.9000000e-002  2.7005657e-001  3.9000000e-002  4.2848218e-002
  4.0000000e-002  2.4818566e-001  4.0000000e-002  7.6035378e-002
  4.1000000e-002  2.1785065e-001  4.1000000e-002  1.0845019e-001
  4.2000000e-002  1.8029382e-001  4.2000000e-002  1.3986615e-001
  4.3000000e-002  1.3702840e-001  4.3000000e-002  1.7016934e-001
  4.4000000e-002  8.9929028e-002  4.4000000e-002  1.9927163e-001
  4.5000000e-002  4.2328366e-002  4.5000000e-002  2.2709588e-001
  4.6000000e-002  2.4835764e-002  4.6000000e-002  2.5357206e-001
  4.7000000e-002  6.7706829e-002  4.7000000e-002  2.7863604e-001
  4.8000000e-002  1.1414820e-001  4.8000000e-002  3.0222916e-001
  4.9000000e-002  1.5720609e-001  4.9000000e-002  3.2429814e-001
  5.0000000e-002  1.9494399e-001  5.0000000e-002  3.4479507e-001
  5.1000000e-002  2.2605517e-001  5.1000000e-002  3.6367747e-001
  5.2000000e-002  2.4957716e-001  5.2000000e-002  3.8090837e-001
  5.3000000e-002  2.6486126e-001  5.3000000e-002  3.9645636e-001
  5.4000000e-002  2.7157648e-001  5.4000000e-002  4.1029566e-001
  5.5000000e-002  2.6971662e-001  5.5000000e-002  4.2240616e-001
  5.6000000e-002  2.5960461e-001  5.6000000e-002  4.3277344e-001
  5.7000000e-002  2.4189655e-001  5.7000000e-002  4.4138880e-001
  5.8000000e-002  2.1759475e-001  5.8000000e-002  4.4824926e-001
  5.9000000e-002  1.8809448e-001  5.9000000e-002  4.5335749e-001
  6.0000000e-002  1.5533085e-001  6.0000000e-002  4.5672184e-001
  6.1000000e-002  1.2221490e-001  6.1000000e-002  4.5835620e-001
  6.2000000e-002  9.3820490e-002  6.2000000e-002  4.5828000e-001
  6.3000000e-002  7.9068669e-002  6.3000000e-002  4.5651805e-001
  6.4000000e-002  8.5383058e-002  6.4000000e-002  4.5310048e-001
  6.5000000e-002  1.0687816e-001  6.5000000e-002  4.4806255e-001
  6.6000000e-002  1.3321569e-001  6.6000000e-002  4.4144458e-001
  6.7000000e-002  1.5840736e-001  6.7000000e-002  4.3329173e-001
  6.8000000e-002  1.7946110e-001  6.8000000e-002  4.2365384e-001
  6.9000000e-002  1.9474109e-001  6.9000000e-002  4.1258526e-001
  7.0000000e-002  2.0331991e-001  7.0000000e-002  4.0014466e-001
  7.1000000e-002  2.0473956e-001  7.1000000e-002  3.8639477e-001
  7.2000000e-002  1.9891198e-001  7.2000000e-002  3.7140225e-001
  7.3000000e-002  1.8606640e-001  7.3000000e-002  3.5523740e-001
  7.4000000e-002  1.6671107e-001  7.4000000e-002  3.3797401e-001
  7.5000000e-002  1.4159756e-001  7.5000000e-002  3.1968912e-001
  7.6000000e-002  1.1168388e-001  7.6000000e-002  3.0046286e-001
  7.7000000e-002  7.8098932e-002  7.7000000e-002  2.8037832e-001
  7.8000000e-002  4.2135095e-002  7.8000000e-002  2.5952149e-001
  7.9000000e-002  6.6313649e-003  7.9000000e-002  2.3798133e-001
  8.0000000e-002  3.2788791e-002  8.0000000e-002  2.1585011e-001
  8.1000000e-002  6.8192323e-002  8.1000000e-002  1.9322411e-001
  8.2000000e-002  1.0100059e-001  8.2000000e-002  1.7020536e-001
  8.3000000e-002  1.2998625e-001  8.3000000e-002  1.4690507e-001
  8.4000000e-002  1.5414921e-001  8.4000000e-002  1.2345158e-001
  8.5000000e-002  1.7268135e-001  8.5000000e-002  1.0000955e-001
  8.6000000e-002  1.8498443e-001  8.6000000e-002  7.6833791e-002
  8.7000000e-002  1.9068820e-001  8.7000000e-002  5.4453441e-002
  8.8000000e-002  1.8966301e-001  8.8000000e-002  3.4501807e-002
  8.9000000e-002  1.8202632e-001  8.9000000e-002  2.3779736e-002
  9.0000000e-002  1.6814372e-001  9.0000000e-002  3.2568440e-002
  9.1000000e-002  1.4862792e-001  9.1000000e-002  5.1291506e-002
  9.2000000e-002  1.2434564e-001  9.2000000e-002  7.2222549e-002
  9.3000000e-002  9.6468844e-002  9.3000000e-002  9.3506625e-002
  9.4000000e-002  6.6739087e-002  9.4000000e-002  1.1457729e-001
  9.5000000e-002  3.9084934e-002  9.5000000e-002  1.3518115e-001
  9.6000000e-002  2.9179523e-002  9.6000000e-002  1.5516761e-001
  9.7000000e-002  4.9066282e-002  9.7000000e-002  1.7442882e-001
  9.8000000e-002  7.6426193e-002  9.8000000e-002  1.9287847e-001
  9.9000000e-002  1.0255079e-001  9.9000000e-002  2.1044318e-001
  1.0000000e-001  1.2497290e-001  1.0000000e-001  2.2705851e-001
  1.0100000e-001  1.4239176e-001  1.0100000e-001  2.4266712e-001
  1.0200000e-001  1.5395073e-001  1.0200000e-001  2.5721779e-001
  1.0300000e-001  1.5910812e-001  1.0300000e-001  2.7066487e-001
  1.0400000e-001  1.5761822e-001  1.0400000e-001  2.8296808e-001
  1.0500000e-001  1.4954302e-001  1.0500000e-001  2.9409233e-001
  1.0600000e-001  1.3528788e-001  1.0600000e-001  3.0400770e-001
  1.0700000e-001  1.1569671e-001  1.0700000e-001  3.1268940e-001
  1.0800000e-001  9.2348527e-002  1.0800000e-001  3.2011778e-001
  1.0900000e-001  6.8615212e-002  1.0900000e-001  3.2627832e-001
  1.1000000e-001  5.3108712e-002  1.1000000e-001  3.3116168e-001
  1.1100000e-001  5.9534928e-002  1.1100000e-001  3.3476365e-001
  1.1200000e-001  8.5061346e-002  1.1200000e-001  3.3708522e-001
  1.1300000e-001  1.1774353e-001  1.1300000e-001  3.3813254e-001
  1.1400000e-001  1.5166408e-001  1.1400000e-001  3.3791689e-001
  1.1500000e-001  1.8403863e-001  1.1500000e-001  3.3645476e-001
  1.1600000e-001  2.1313008e-001  1.1600000e-001  3.3376776e-001
  1.1700000e-001  2.3766386e-001  1.1700000e-001  3.2988268e-001
  1.1800000e-001  2.5666623e-001  1.1800000e-001  3.2483149e-001
  1.1900000e-001  2.6942104e-001  1.1900000e-001  3.1865137e-001
  1.2000000e-001  2.7546227e-001  1.2000000e-001  3.1138481e-001
  1.2100000e-001  2.7457703e-001  1.2100000e-001  3.0307972e-001
  1.2200000e-001  2.6681069e-001  1.2200000e-001  2.9378960e-001
  1.2300000e-001  2.5247301e-001  1.2300000e-001  2.8357391e-001
  1.2400000e-001  2.3214847e-001  1.2400000e-001  2.7249845e-001
  1.2500000e-001  2.0672186e-001  1.2500000e-001  2.6063608e-001
  1.2600000e-001  1.7744675e-001  1.2600000e-001  2.4806768e-001
  1.2700000e-001  1.4613085e-001  1.2700000e-001  2.3488361e-001
  1.2800000e-001  1.1563270e-001  1.2800000e-001  2.2118572e-001
  1.2900000e-001  9.1029473e-002  1.2900000e-001  2.0709048e-001
  1.3000000e-001  8.0472541e-002  1.3000000e-001  1.9273333e-001
  1.3100000e-001  8.8893976e-002  1.3100000e-001  1.7827517e-001
  1.3200000e-001  1.1013192e-001  1.3200000e-001  1.6391169e-001
  1.3300000e-001  1.3559083e-001  1.3300000e-001  1.4988658e-001
  1.3400000e-001  1.6021274e-001  1.3400000e-001  1.3650926e-001
  1.3500000e-001  1.8133080e-001  1.3500000e-001  1.2417593e-001
  1.3600000e-001  1.9741467e-001  1.3600000e-001  1.1338719e-001
  1.3700000e-001  2.0754555e-001  1.3700000e-001  1.0474314e-001
  1.3800000e-001  2.1121522e-001  1.3800000e-001  9.8881474e-002
  1.3900000e-001  2.0824350e-001  1.3900000e-001  9.6329735e-002
  1.4000000e-001  1.9873866e-001  1.4000000e-001  9.7310652e-002
  1.4100000e-001  1.8307320e-001  1.4100000e-001  1.0163354e-001
  1.4200000e-001  1.6186720e-001  1.4200000e-001  1.0877152e-001
  1.4300000e-001  1.3598386e-001  1.4300000e-001  1.1805548e-001
  1.4400000e-001  1.0656828e-001  1.4400000e-001  1.2884150e-001
  1.4500000e-001  7.5272518e-002  1.4500000e-001  1.4058959e-001
  1.4600000e-001  4.5560880e-002  1.4600000e-001  1.5287551e-001
  1.4700000e-001  3.0807825e-002  1.4700000e-001  1.6537352e-001
  1.4800000e-001  4.8116849e-002  1.4800000e-001  1.7783334e-001
  1.4900000e-001  7.6655132e-002  1.4900000e-001  1.9006006e-001
