  0.0000000e+000  1.0000000e+000  0.0000000e+000  1.0000000e+000
  1.0000000e-003  1.0060958e+000  1.0000000e-003  1.0040493e+000
  2.0000000e-003  9.7417613e-001  2.0000000e-003  1.0026502e+000
  3.0000000e-003  9.0434141e-001  3.0000000e-003  9.9592969e-001
  4.0000000e-003  7.9989605e-001  4.0000000e-003  9.8412890e-001
  5.0000000e-003  6.7489391e-001  5.0000000e-003  9.6767211e-001
  6.0000000e-003  5.3444710e-001  6.0000000e-003  9.4680277e-001
  7.0000000e-003  3.8756513e-001  7.0000000e-003  9.2150170e-001
  8.0000000e-003  2.5023022e-001  8.0000000e-003  8.9179753e-001
  9.0000000e-003  1.3572164e-001  9.0000000e-003  8.5783998e-001
  1.0000000e-002  5.4778831e-002  1.0000000e-002  8.1996401e-001
  1.1000000e-002  2.0560449e-002  1.1000000e-002  7.7908668e-001
  1.2000000e-002  2.2177895e-002  1.2000000e-002  7.3608327e-001
  1.3000000e-002  4.8952647e-002  1.3000000e-002  6.9085847e-001
  1.4000000e-002  9.8435965e-002  1.4000000e-002  6.4415892e-001
  1.5000000e-002  1.6648361e-001  1.5000000e-002  5.9720379e-001
  1.6000000e-002  2.3986482e-001  1.6000000e-002  5.5130217e-001
  1.7000000e-002  3.0619169e-001  1.7000000e-002  5.0579217e-001
  1.8000000e-002  3.5133930e-001  1.8000000e-002  4.6097119e-001
  1.9000000e-002  3.7230856e-001  1.9000000e-002  4.1719529e-001
  2.0000000e-002  3.7150764e-001  2.0000000e-002  3.7482806e-001
  2.1000000e-002  3.4591444e-001  2.1000000e-002  3.3425894e-001
  2.2000000e-002  3.1885126e-001  2.2000000e-002  2.9598085e-001
  2.3000000e-002  2.8339681e-001  2.3000000e-002  2.6073514e-001
  2.4000000e-002  2.3999760e-001  2.4000000e-002  2.2853493e-001
  2.5000000e-002  2.0085829e-001  2.5000000e-002  1.9897639e-001
  2.6000000e-002  1.6941651e-001  2.6000000e-002  1.7206223e-001
  2.7000000e-002  1.4527690e-001  2.7000000e-002  1.4785059e-001
  2.8000000e-002  1.3108151e-001  2.8000000e-002  1.2640237e-001
  2.9000000e-002  1.2424151e-001  2.9000000e-002  1.0781428e-001
  3.0000000e-002  1.1858499e-001  3.0000000e-002  9.2287188e-002
  3.1000000e-002  1.2531637e-001  3.1000000e-002  8.0144380e-002
  3.2000000e-002  1.3468103e-001  3.2000000e-002  7.1720866e-002
  3.3000000e-002  1.5295838e-001  3.3000000e-002  6.6947973e-002
  3.4000000e-002  1.8723482e-001  3.4000000e-002  6.5041255e-002
  3.5000000e-002  2.1702129e-001  3.5000000e-002  6.5444714e-002
  3.6000000e-002  2.3376216e-001  3.6000000e-002  6.7798949e-002
  3.7000000e-002  2.3337344e-001  3.7000000e-002  7.1779468e-002
  3.8000000e-002  2.1317461e-001  3.8000000e-002  7.7012870e-002
  3.9000000e-002  1.7059202e-001  3.9000000e-002  8.3279053e-002
  4.0000000e-002  1.1256622e-001  4.0000000e-002  9.0484318e-002
  4.1000000e-002  4.7324238e-002  4.1000000e-002  9.8387223e-002
  4.2000000e-002  1.4261972e-002  4.2000000e-002  1.0678463e-001
  4.3000000e-002  6.7911378e-002  4.3000000e-002  1.1746631e-001
  4.4000000e-002  9.9468227e-002  4.4000000e-002  1.3042256e-001
  4.5000000e-002  1.1699994e-001  4.5000000e-002  1.4362622e-001
  4.6000000e-002  1.2280426e-001  4.6000000e-002  1.5706099e-001
  4.7000000e-002  1.1680817e-001  4.7000000e-002  1.7079293e-001
  4.8000000e-002  1.0169976e-001  4.8000000e-002  1.8524725e-001
  4.9000000e-002  7.7831018e-002  4.9000000e-002  2.0112677e-001
  5.0000000e-002  4.5291286e-002  5.0000000e-002  2.1829852e-001
  5.1000000e-002  5.1079595e-003  5.1000000e-002  2.3558005e-001
  5.2000000e-002  3.9271028e-002  5.2000000e-002  2.5205027e-001
  5.3000000e-002  8.0348523e-002  5.3000000e-002  2.6717668e-001
  5.4000000e-002  1.1077790e-001  5.4000000e-002  2.8052957e-001
  5.5000000e-002  1.3099579e-001  5.5000000e-002  2.9167328e-001
  5.6000000e-002  1.4218562e-001  5.6000000e-002  3.0106923e-001
  5.7000000e-002  1.4587929e-001  5.7000000e-002  3.0871620e-001
  5.8000000e-002  1.4126857e-001  5.8000000e-002  3.1441834e-001
  5.9000000e-002  1.3127487e-001  5.9000000e-002  3.1798305e-001
  6.0000000e-002  1.1717245e-001  6.0000000e-002  3.1930650e-001
  6.1000000e-002  1.0062467e-001  6.1000000e-002  3.1832039e-001
  6.2000000e-002  7.7083276e-002  6.2000000e-002  3.1517317e-001
  6.3000000e-002  5.0099623e-002  6.3000000e-002  3.0994838e-001
  6.4000000e-002  2.2562333e-002  6.4000000e-002  3.0301966e-001
  6.5000000e-002  3.5787916e-003  6.5000000e-002  2.9481158e-001
  6.6000000e-002  9.7373278e-003  6.6000000e-002  2.8460858e-001
  6.7000000e-002  1.0691018e-002  6.7000000e-002  2.7314671e-001
  6.8000000e-002  8.9195494e-003  6.8000000e-002  2.6047098e-001
  6.9000000e-002  7.3697597e-003  6.9000000e-002  2.4664468e-001
  7.0000000e-002  1.0298696e-002  7.0000000e-002  2.3194930e-001
  7.1000000e-002  1.3024503e-002  7.1000000e-002  2.1679363e-001
  7.2000000e-002  1.3493514e-002  7.2000000e-002  2.0139046e-001
  7.3000000e-002  9.1338842e-003  7.3000000e-002  1.8624450e-001
  7.4000000e-002  3.3584208e-003  7.4000000e-002  1.7216151e-001
  7.5000000e-002  5.4762902e-004  7.5000000e-002  1.5944879e-001
  7.6000000e-002  2.2961135e-003  7.6000000e-002  1.4823030e-001
  7.7000000e-002  3.6401961e-003  7.7000000e-002  1.3912487e-001
  7.8000000e-002  9.6175379e-005  7.8000000e-002  1.3167506e-001
  7.9000000e-002  1.0035311e-002  7.9000000e-002  1.2536785e-001
  8.0000000e-002  2.8009385e-002  8.0000000e-002  1.2025517e-001
  8.1000000e-002  4.7091489e-002  8.1000000e-002  1.1655395e-001
  8.2000000e-002  6.5983114e-002  8.2000000e-002  1.1445436e-001
  8.3000000e-002  8.0172290e-002  8.3000000e-002  1.1411059e-001
  8.4000000e-002  8.7958983e-002  8.4000000e-002  1.1555984e-001
  8.5000000e-002  9.5941782e-002  8.5000000e-002  1.1858404e-001
  8.6000000e-002  1.0736419e-001  8.6000000e-002  1.2285658e-001
  8.7000000e-002  1.1901661e-001  8.7000000e-002  1.2856241e-001
  8.8000000e-002  1.2866364e-001  8.8000000e-002  1.3548266e-001
  8.9000000e-002  1.3045884e-001  8.9000000e-002  1.4300669e-001
  9.0000000e-002  1.2181064e-001  9.0000000e-002  1.5161632e-001
  9.1000000e-002  1.0575794e-001  9.1000000e-002  1.6105218e-001
  9.2000000e-002  8.4637616e-002  9.2000000e-002  1.7103376e-001
  9.3000000e-002  6.5187708e-002  9.3000000e-002  1.8138451e-001
  9.4000000e-002  5.1937539e-002  9.4000000e-002  1.9169775e-001
  9.5000000e-002  4.2387141e-002  9.5000000e-002  2.0162273e-001
  9.6000000e-002  3.2945130e-002  9.6000000e-002  2.1129467e-001
  9.7000000e-002  1.8985602e-002  9.7000000e-002  2.2206060e-001
  9.8000000e-002  5.1827245e-003  9.8000000e-002  2.3293831e-001
  9.9000000e-002  3.0361811e-003  9.9000000e-002  2.4297239e-001
  1.0000000e-001  7.6670387e-003  1.0000000e-001  2.5290391e-001
  1.0100000e-001  1.2906694e-002  1.0100000e-001  2.6278315e-001
  1.0200000e-001  1.9196296e-002  1.0200000e-001  2.7211035e-001
  1.0300000e-001  2.4288812e-002  1.0300000e-001  2.8070806e-001
  1.0400000e-001  2.5114685e-002  1.0400000e-001  2.8832936e-001
  1.0500000e-001  2.4708564e-002  1.0500000e-001  2.9466573e-001
  1.0600000e-001  2.1838365e-002  1.0600000e-001  2.9952175e-001
  1.0700000e-001  1.3500215e-002  1.0700000e-001  3.0279514e-001
  1.0800000e-001  4.3422701e-003  1.0800000e-001  3.0450130e-001
  1.0900000e-001  1.5075013e-003  1.0900000e-001  3.0461034e-001
  1.1000000e-001  5.4160293e-003  1.1000000e-001  3.0285005e-001
  1.1100000e-001  5.5638539e-003  1.1100000e-001  2.9908115e-001
  1.1200000e-001  9.7232245e-003  1.1200000e-001  2.9298732e-001
  1.1300000e-001  1.7573169e-002  1.1300000e-001  2.8506304e-001
  1.1400000e-001  2.2313713e-002  1.1400000e-001  2.7589152e-001
  1.1500000e-001  2.4435195e-002  1.1500000e-001  2.6575796e-001
  1.1600000e-001  2.5185421e-002  1.1600000e-001  2.5480735e-001
  1.1700000e-001  2.2018253e-002  1.1700000e-001  2.4318168e-001
  1.1800000e-001  1.4805916e-002  1.1800000e-001  2.3102110e-001
  1.1900000e-001  7.1657186e-003  1.1900000e-001  2.1839942e-001
  1.2000000e-001  8.9878050e-004  1.2000000e-001  2.0531921e-001
  1.2100000e-001  1.0178539e-002  1.2100000e-001  1.9191625e-001
  1.2200000e-001  1.6305420e-002  1.2200000e-001  1.7847636e-001
  1.2300000e-001  2.1734198e-002  1.2300000e-001  1.6551539e-001
  1.2400000e-001  2.9730612e-002  1.2400000e-001  1.5275321e-001
  1.2500000e-001  3.6580343e-002  1.2500000e-001  1.3998209e-001
  1.2600000e-001  3.7409042e-002  1.2600000e-001  1.2723955e-001
  1.2700000e-001  3.8581778e-002  1.2700000e-001  1.1460405e-001
  1.2800000e-001  3.9329928e-002  1.2800000e-001  1.0206037e-001
  1.2900000e-001  3.2688584e-002  1.2900000e-001  9.0136548e-002
  1.3000000e-001  3.1895845e-002  1.3000000e-001  8.0043486e-002
  1.3100000e-001  3.4340978e-002  1.3100000e-001  7.1468307e-002
  1.3200000e-001  3.6728179e-002  1.3200000e-001  6.5515506e-002
  1.3300000e-001  3.8020979e-002  1.3300000e-001  6.1907043e-002
  1.3400000e-001  3.7213907e-002  1.3400000e-001  5.9587266e-002
  1.3500000e-001  3.0032882e-002  1.3500000e-001  5.8577995e-002
  1.3600000e-001  1.6608910e-002  1.3600000e-001  5.8987190e-002
  1.3700000e-001  7.0742380e-003  1.3700000e-001  6.0900498e-002
  1.3800000e-001  2.0469747e-005  1.3800000e-001  6.4163354e-002
  1.3900000e-001  9.1208606e-004  1.3900000e-001  6.8623024e-002
  1.4000000e-001  6.0440398e-003  1.4000000e-001  7.4494211e-002
  1.4100000e-001  1.4650050e-002  1.4100000e-001  8.2380480e-002
  1.4200000e-001  2.3567103e-002  1.4200000e-001  9.1686451e-002
  1.4300000e-001  3.0911375e-002  1.4300000e-001  1.0134934e-001
  1.4400000e-001  3.8893943e-002  1.4400000e-001  1.1071319e-001
  1.4500000e-001  4.0170020e-002  1.4500000e-001  1.1952174e-001
  1.4600000e-001  3.6499380e-002  1.4600000e-001  1.2787956e-001
  1.4700000e-001  3.8413874e-002  1.4700000e-001  1.3588121e-001
  1.4800000e-001  4.6073877e-002  1.4800000e-001  1.4345170e-001
  1.4900000e-001  5.5202083e-002  1.4900000e-001  1.5055684e-001
