  0.0000000e+000  3.0082291e-002
  1.0000000e-003  8.1486231e-002
  2.0000000e-003  1.8788288e-001
  3.0000000e-003  2.8585751e-001
  4.0000000e-003  3.7238431e-001
  5.0000000e-003  4.4475214e-001
  6.0000000e-003  5.0064600e-001
  7.0000000e-003  5.3821717e-001
  8.0000000e-003  5.5613989e-001
  9.0000000e-003  5.5365273e-001
  1.0000000e-002  5.3058347e-001
  1.1000000e-002  4.8735662e-001
  1.2000000e-002  4.2498325e-001
  1.3000000e-002  3.4503359e-001
  1.4000000e-002  2.4959294e-001
  1.5000000e-002  1.4120246e-001
  1.6000000e-002  2.2786282e-002
  1.7000000e-002  1.0243254e-001
  1.8000000e-002  2.3102504e-001
  1.9000000e-002  3.5945530e-001
  2.0000000e-002  4.8418253e-001
  2.1000000e-002  6.0176324e-001
  2.2000000e-002  7.0895030e-001
  2.3000000e-002  8.0278613e-001
  2.4000000e-002  8.8068718e-001
  2.5000000e-002  9.4051720e-001
  2.6000000e-002  9.8064712e-001
  2.7000000e-002  1.0000000e+000
  2.8000000e-002  9.9807952e-001
  2.9000000e-002  9.7498143e-001
  3.0000000e-002  9.3138765e-001
  3.1000000e-002  8.6854327e-001
  3.2000000e-002  7.8821727e-001
  3.3000000e-002  6.9264824e-001
  3.4000000e-002  5.8447680e-001
  3.5000000e-002  4.6666679e-001
  3.6000000e-002  3.4241777e-001
  3.7000000e-002  2.1507140e-001
  3.8000000e-002  8.8014560e-002
  3.9000000e-002  3.5417831e-002
  4.0000000e-002  1.5203748e-001
  4.1000000e-002  2.5889198e-001
  4.2000000e-002  3.5334620e-001
  4.3000000e-002  4.3315331e-001
  4.4000000e-002  4.9651354e-001
  4.5000000e-002  5.4211914e-001
  4.6000000e-002  5.6918411e-001
  4.7000000e-002  5.7745833e-001
  4.8000000e-002  5.6722565e-001
  4.9000000e-002  5.3928631e-001
  5.0000000e-002  4.9492439e-001
  5.1000000e-002  4.3586156e-001
  5.2000000e-002  3.6419859e-001
  5.3000000e-002  2.8234679e-001
  5.4000000e-002  1.9295128e-001
  5.5000000e-002  9.8808893e-002
  5.6000000e-002  2.7829664e-003
  5.7000000e-002  9.2282134e-002
  5.8000000e-002  1.8364429e-001
  5.9000000e-002  2.6874218e-001
  6.0000000e-002  3.4526678e-001
  6.1000000e-002  4.1122383e-001
  6.2000000e-002  4.6498549e-001
  6.3000000e-002  5.0532982e-001
  6.4000000e-002  5.3146715e-001
  6.5000000e-002  5.4305273e-001
  6.6000000e-002  5.4018564e-001
  6.7000000e-002  5.2339417e-001
  6.8000000e-002  4.9360847e-001
  6.9000000e-002  4.5212159e-001
  7.0000000e-002  4.0054031e-001
  7.1000000e-002  3.4072749e-001
  7.2000000e-002  2.7473807e-001
  7.3000000e-002  2.0475060e-001
  7.4000000e-002  1.3299675e-001
  7.5000000e-002  6.1690933e-002
  7.6000000e-002  7.0377197e-003
  7.7000000e-002  7.1208983e-002
  7.8000000e-002  1.2904883e-001
  7.9000000e-002  1.7903874e-001
  8.0000000e-002  2.1995574e-001
  8.1000000e-002  2.5090196e-001
  8.2000000e-002  2.7132321e-001
  8.3000000e-002  2.8101617e-001
  8.4000000e-002  2.8012415e-001
  8.5000000e-002  2.6912211e-001
  8.6000000e-002  2.4879128e-001
  8.7000000e-002  2.2018491e-001
  8.8000000e-002  1.8458610e-001
  8.9000000e-002  1.4345946e-001
  9.0000000e-002  9.8398298e-002
  9.1000000e-002  5.1069103e-002
  9.2000000e-002  3.1552731e-003
  9.3000000e-002  4.3698134e-002
  9.4000000e-002  8.7936800e-002
  9.5000000e-002  1.2814507e-001
  9.6000000e-002  1.6308795e-001
  9.7000000e-002  1.9174592e-001
  9.8000000e-002  2.1334162e-001
  9.9000000e-002  2.2735778e-001
  1.0000000e-001  2.3354587e-001
  1.0100000e-001  2.3192567e-001
  1.0200000e-001  2.2277569e-001
  1.0300000e-001  2.0661532e-001
  1.0400000e-001  1.8417924e-001
  1.0500000e-001  1.5638534e-001
  1.0600000e-001  1.2429725e-001
  1.0700000e-001  8.9082970e-002
  1.0800000e-001  5.1971105e-002
  1.0900000e-001  1.4206124e-002
  1.1000000e-001  2.2995661e-002
  1.1100000e-001  5.8488005e-002
  1.1200000e-001  9.1233119e-002
  1.1300000e-001  1.2033531e-001
  1.1400000e-001  1.4506883e-001
  1.1500000e-001  1.6489910e-001
  1.1600000e-001  1.7949672e-001
  1.1700000e-001  1.8874400e-001
  1.1800000e-001  1.9273378e-001
  1.1900000e-001  1.9176101e-001
  1.2000000e-001  1.8630721e-001
  1.2100000e-001  1.7701876e-001
  1.2200000e-001  1.6467974e-001
  1.2300000e-001  1.5018041e-001
  1.2400000e-001  1.3448245e-001
  1.2500000e-001  1.1858233e-001
  1.2600000e-001  1.0347401e-001
