  0.0000000e+000  9.3199730e-001  0.0000000e+000  2.2599607e+000
  1.0000000e-003  7.5865127e-001  1.0000000e-003  1.9153022e+000
  2.0000000e-003  7.4072587e-001  2.0000000e-003  1.6346077e+000
  3.0000000e-003  8.8090676e-001  3.0000000e-003  1.4356316e+000
  4.0000000e-003  1.1448068e+000  4.0000000e-003  1.3324659e+000
  5.0000000e-003  1.4764230e+000  5.0000000e-003  1.3326398e+000
  6.0000000e-003  1.8175007e+000  6.0000000e-003  1.4353680e+000
  7.0000000e-003  2.1196963e+000  7.0000000e-003  1.6317383e+000
  8.0000000e-003  2.3479679e+000  8.0000000e-003  1.9067503e+000
  9.0000000e-003  2.4789374e+000  9.0000000e-003  2.2423023e+000
  1.0000000e-002  2.4978075e+000  1.0000000e-002  2.6200317e+000
  1.1000000e-002  2.3956552e+000  1.1000000e-002  3.0233132e+000
  1.2000000e-002  2.1676935e+000  1.2000000e-002  3.4382655e+000
  1.3000000e-002  1.8126048e+000  1.3000000e-002  3.8539787e+000
  1.4000000e-002  1.3329943e+000  1.4000000e-002  4.2622740e+000
  1.5000000e-002  7.3711873e-001  1.5000000e-002  4.6572579e+000
  1.6000000e-002  4.2113191e-002  1.6000000e-002  5.0348382e+000
  1.7000000e-002 -7.2136904e-001  1.7000000e-002  5.3922844e+000
  1.8000000e-002 -1.5045362e+000  1.8000000e-002  5.7278653e+000
  1.9000000e-002 -2.2403518e+000  1.9000000e-002  6.0405653e+000
  2.0000000e-002 -2.8555851e+000  2.0000000e-002  6.3298695e+000
  2.1000000e-002 -3.2984870e+000  2.1000000e-002  6.5956058e+000
  2.2000000e-002 -3.5683607e+000  2.2000000e-002  6.8378296e+000
  2.3000000e-002 -3.7216752e+000  2.3000000e-002  7.0567406e+000
  2.4000000e-002 -3.8495147e+000  2.4000000e-002  7.2526243e+000
  2.5000000e-002 -4.0492569e+000  2.5000000e-002  7.4258096e+000
  2.6000000e-002 -4.4110558e+000  2.6000000e-002  7.5766395e+000
  2.7000000e-002 -5.0215289e+000  2.7000000e-002  7.7054508e+000
  2.8000000e-002 -5.9804745e+000  2.8000000e-002  7.8125593e+000
  2.9000000e-002 -7.4340520e+000  2.9000000e-002  7.8982507e+000
  3.0000000e-002 -9.6519333e+000  3.0000000e-002  7.9627733e+000
  3.1000000e-002 -1.3276386e+001  3.1000000e-002  8.0063342e+000
  3.2000000e-002 -2.0650268e+001  3.2000000e-002  8.0290961e+000
  3.3000000e-002 -2.4003193e+001  3.3000000e-002  8.0311758e+000
  3.4000000e-002 -1.3851766e+001  3.4000000e-002  8.0126433e+000
  3.5000000e-002 -9.0624385e+000  3.5000000e-002  7.9735215e+000
  3.6000000e-002 -5.9953609e+000  3.6000000e-002  7.9137866e+000
  3.7000000e-002 -3.8009086e+000  3.7000000e-002  7.8333688e+000
  3.8000000e-002 -2.1552152e+000  3.8000000e-002  7.7321537e+000
  3.9000000e-002 -9.0110222e-001  3.9000000e-002  7.6099848e+000
  4.0000000e-002  4.8898170e-002  4.0000000e-002  7.4666665e+000
  4.1000000e-002  7.4770531e-001  4.1000000e-002  7.3019690e+000
  4.2000000e-002  1.2289506e+000  4.2000000e-002  7.1156355e+000
  4.3000000e-002  1.5144532e+000  4.3000000e-002  6.9073914e+000
  4.4000000e-002  1.6182080e+000  4.4000000e-002  6.6769589e+000
  4.5000000e-002  1.5486460e+000  4.5000000e-002  6.4240764e+000
  4.6000000e-002  1.3099749e+000  4.6000000e-002  6.1485260e+000
  4.7000000e-002  9.0300856e-001  4.7000000e-002  5.8501726e+000
  4.8000000e-002  3.2572773e-001  4.8000000e-002  5.5290173e+000
  4.9000000e-002 -4.2625015e-001  4.9000000e-002  5.1852714e+000
  5.0000000e-002 -1.3591040e+000  5.0000000e-002  4.8194589e+000
  5.1000000e-002 -2.4798893e+000  5.1000000e-002  4.4325538e+000
  5.2000000e-002 -3.7948909e+000  5.2000000e-002  4.0261650e+000
  5.3000000e-002 -5.3068033e+000  5.3000000e-002  3.6027771e+000
  5.4000000e-002 -7.0106758e+000  5.4000000e-002  3.1660565e+000
  5.5000000e-002 -8.8907117e+000  5.5000000e-002  2.7212177e+000
  5.6000000e-002 -1.0926560e+001  5.6000000e-002  2.2754288e+000
  5.7000000e-002 -1.3130194e+001  5.7000000e-002  1.8381922e+000
  5.8000000e-002 -1.5647395e+001  5.8000000e-002  1.4215763e+000
  5.9000000e-002 -1.8995207e+001  5.9000000e-002  1.0401026e+000
  6.0000000e-002 -2.4955232e+001  6.0000000e-002  7.1004326e-001
  6.1000000e-002 -3.2552070e+001  6.1000000e-002  4.4793273e-001
  6.2000000e-002 -2.0325524e+001  6.2000000e-002  2.6832846e-001
  6.3000000e-002 -1.4388577e+001  6.3000000e-002  1.8125099e-001
  6.4000000e-002 -1.0443703e+001  6.4000000e-002  1.9010921e-001
  6.5000000e-002 -7.4690620e+000  6.5000000e-002  2.9093438e-001
  6.6000000e-002 -5.0979857e+000  6.6000000e-002  4.7325895e-001
  6.7000000e-002 -3.1562308e+000  6.7000000e-002  7.2225577e-001
  6.8000000e-002 -1.5462679e+000  6.8000000e-002  1.0212982e+000
  6.9000000e-002 -2.0749225e-001  6.9000000e-002  1.3541550e+000
  7.0000000e-002  9.0045514e-001  7.0000000e-002  1.7064183e+000
  7.1000000e-002  1.8057237e+000  7.1000000e-002  2.0661563e+000
  7.2000000e-002  2.5285558e+000  7.2000000e-002  2.4239931e+000
  7.3000000e-002  3.0838008e+000  7.3000000e-002  2.7728599e+000
  7.4000000e-002  3.4825136e+000  7.4000000e-002  3.1076089e+000
  7.5000000e-002  3.7330759e+000  7.5000000e-002  3.4246091e+000
  7.6000000e-002  3.8421034e+000  7.6000000e-002  3.7213823e+000
  7.7000000e-002  3.8153256e+000  7.7000000e-002  3.9963016e+000
  7.8000000e-002  3.6586227e+000  7.8000000e-002  4.2483544e+000
  7.9000000e-002  3.3794262e+000  7.9000000e-002  4.4769602e+000
  8.0000000e-002  2.9887296e+000  8.0000000e-002  4.6818345e+000
  8.1000000e-002  2.5039258e+000  8.1000000e-002  4.8628884e+000
  8.2000000e-002  1.9524077e+000  8.2000000e-002  5.0201545e+000
  8.3000000e-002  1.3749647e+000  8.3000000e-002  5.1537329e+000
  8.4000000e-002  8.2615110e-001  8.4000000e-002  5.2637516e+000
  8.5000000e-002  3.6688275e-001  8.5000000e-002  5.3503375e+000
  8.6000000e-002  4.6357226e-002  8.6000000e-002  5.4135945e+000
  8.7000000e-002 -1.2018009e-001  8.7000000e-002  5.4535871e+000
  8.8000000e-002 -1.6183223e-001  8.8000000e-002  5.4703269e+000
  8.9000000e-002 -1.4164773e-001  8.9000000e-002  5.4637619e+000
  9.0000000e-002 -1.3535920e-001  9.0000000e-002  5.4337667e+000
  9.1000000e-002 -2.1530269e-001  9.1000000e-002  5.3801330e+000
  9.2000000e-002 -4.4583191e-001  9.2000000e-002  5.3025598e+000
  9.3000000e-002 -8.8781998e-001  9.3000000e-002  5.2006433e+000
  9.4000000e-002 -1.6091869e+000  9.4000000e-002  5.0738643e+000
  9.5000000e-002 -2.7026814e+000  9.5000000e-002  4.9215746e+000
  9.6000000e-002 -4.3210051e+000  9.6000000e-002  4.7429795e+000
  9.7000000e-002 -6.7668128e+000  9.7000000e-002  4.5371174e+000
  9.8000000e-002 -1.0815880e+001  9.8000000e-002  4.3028340e+000
  9.9000000e-002 -1.9946304e+001  9.9000000e-002  4.0387508e+000
  1.0000000e-001 -1.9270207e+001  1.0000000e-001  3.7432248e+000
  1.0100000e-001 -9.9728812e+000  1.0100000e-001  3.4142980e+000
  1.0200000e-001 -5.5303417e+000  1.0200000e-001  3.0496323e+000
  1.0300000e-001 -2.6570540e+000  1.0300000e-001  2.6464253e+000
  1.0400000e-001 -6.0319134e-001  1.0400000e-001  2.2013001e+000
  1.0500000e-001  9.2285263e-001  1.0500000e-001  1.7101576e+000
  1.0600000e-001  2.0631760e+000  1.0600000e-001  1.1679779e+000
  1.0700000e-001  2.8955875e+000  1.0700000e-001  5.6854587e-001
  1.0800000e-001  3.4648418e+000  1.0800000e-001 -9.5934777e-002
  1.0900000e-001  3.7960291e+000  1.0900000e-001 -8.3539722e-001
  1.1000000e-001  3.9006782e+000  1.1000000e-001 -1.6627342e+000
  1.1100000e-001  3.7792246e+000  1.1100000e-001 -2.5950539e+000
  1.1200000e-001  3.4210972e+000  1.1200000e-001 -3.6556669e+000
  1.1300000e-001  2.8024849e+000  1.1300000e-001 -4.8773606e+000
  1.1400000e-001  1.8807477e+000  1.1400000e-001 -6.3080430e+000
  1.1500000e-001  5.8244443e-001  1.1500000e-001 -8.0209188e+000
  1.1600000e-001 -1.2231338e+000  1.1600000e-001 -1.0133264e+001
  1.1700000e-001 -3.7883753e+000  1.1700000e-001 -1.2837082e+001
  1.1800000e-001 -7.6576808e+000  1.1800000e-001 -1.6380948e+001
  1.1900000e-001 -1.3663372e+001  1.1900000e-001 -2.0071887e+001
  1.2000000e-001 -1.3228366e+001  1.2000000e-001 -1.9110439e+001
  1.2100000e-001 -7.3235951e+000  1.2100000e-001 -1.5241277e+001
  1.2200000e-001 -3.5547700e+000  1.2200000e-001 -1.2062607e+001
  1.2300000e-001 -1.0405913e+000  1.2300000e-001 -9.6498138e+000
  1.2400000e-001  7.3449840e-001  1.2400000e-001 -7.7551705e+000
  1.2500000e-001  2.0105159e+000  1.2500000e-001 -6.2146751e+000
  1.2600000e-001  2.9119631e+000  1.2600000e-001 -4.9281587e+000
  1.2700000e-001  3.5082635e+000  1.2700000e-001 -3.8321077e+000
  1.2800000e-001  3.8386695e+000  1.2800000e-001 -2.8842752e+000
  1.2900000e-001  3.9234195e+000  1.2900000e-001 -2.0553246e+000
  1.3000000e-001  3.7686760e+000  1.3000000e-001 -1.3241288e+000
  1.3100000e-001  3.3679760e+000  1.3100000e-001 -6.7500102e-001
  1.3200000e-001  2.7009474e+000  1.3200000e-001 -9.5991626e-002
  1.3300000e-001  1.7287602e+000  1.3300000e-001  4.2220282e-001
  1.3400000e-001  3.8419522e-001  1.3400000e-001  8.8696154e-001
  1.3500000e-001 -1.4487265e+000  1.3500000e-001  1.3042324e+000
  1.3600000e-001 -3.9745379e+000  1.3600000e-001  1.6788769e+000
  1.3700000e-001 -7.5200219e+000  1.3700000e-001  2.0149179e+000
  1.3800000e-001 -1.1731883e+001  1.3800000e-001  2.3157203e+000
  1.3900000e-001 -1.1044115e+001  1.3900000e-001  2.5841260e+000
  1.4000000e-001 -6.8656904e+000  1.4000000e-001  2.8225559e+000
  1.4100000e-001 -3.6613233e+000  1.4100000e-001  3.0330882e+000
  1.4200000e-001 -1.4001040e+000  1.4200000e-001  3.2175198e+000
  1.4300000e-001  2.2734062e-001  1.4300000e-001  3.3774142e+000
  1.4400000e-001  1.4064540e+000  1.4400000e-001  3.5141400e+000
  1.4500000e-001  2.2456243e+000  1.4500000e-001  3.6289014e+000
  1.4600000e-001  2.8120526e+000  1.4600000e-001  3.7227641e+000
  1.4700000e-001  3.1504949e+000  1.4700000e-001  3.7966753e+000
  1.4800000e-001  3.2935830e+000  1.4800000e-001  3.8514814e+000
  1.4900000e-001  3.2683925e+000  1.4900000e-001  3.8879418e+000
