  0.0000000e+000  3.2690359e-002
  1.0000000e-003  4.2906742e-002
  2.0000000e-003  1.2455420e-001
  3.0000000e-003  2.1092752e-001
  4.0000000e-003  3.0052348e-001
  5.0000000e-003  3.9169027e-001
  6.0000000e-003  4.8266274e-001
  7.0000000e-003  5.7160180e-001
  8.0000000e-003  6.5663726e-001
  9.0000000e-003  7.3591308e-001
  1.0000000e-002  8.0763371e-001
  1.1000000e-002  8.7011056e-001
  1.2000000e-002  9.2180716e-001
  1.3000000e-002  9.6138177e-001
  1.4000000e-002  9.8772628e-001
  1.5000000e-002  1.0000000e+000
  1.6000000e-002  9.9765757e-001
  1.7000000e-002  9.8046969e-001
  1.8000000e-002  9.4853612e-001
  1.9000000e-002  9.0229032e-001
  2.0000000e-002  8.4249526e-001
  2.1000000e-002  7.7023043e-001
  2.2000000e-002  6.8687003e-001
  2.3000000e-002  5.9405292e-001
  2.4000000e-002  4.9364474e-001
  2.5000000e-002  3.8769324e-001
  2.6000000e-002  2.7837794e-001
  2.7000000e-002  1.6795526e-001
  2.8000000e-002  5.8700805e-002
  2.9000000e-002  4.7149828e-002
  3.0000000e-002  1.4745989e-001
  3.1000000e-002  2.4024835e-001
  3.2000000e-002  3.2374318e-001
  3.3000000e-002  3.9642927e-001
  3.4000000e-002  4.5708973e-001
  3.5000000e-002  5.0483909e-001
  3.6000000e-002  5.3914743e-001
  3.7000000e-002  5.5985447e-001
  3.8000000e-002  5.6717318e-001
  3.9000000e-002  5.6168259e-001
  4.0000000e-002  5.4430992e-001
  4.1000000e-002  5.1630228e-001
  4.2000000e-002  4.7918885e-001
  4.3000000e-002  4.3473440e-001
  4.4000000e-002  3.8488550e-001
  4.5000000e-002  3.3171087e-001
  4.6000000e-002  2.7733778e-001
  4.7000000e-002  2.2388614e-001
  4.8000000e-002  1.7340250e-001
  4.9000000e-002  1.2779572e-001
  5.0000000e-002  8.8776568e-002
  5.1000000e-002  5.7802879e-002
  5.2000000e-002  3.6032255e-002
  5.3000000e-002  2.4283682e-002
  5.4000000e-002  2.3009456e-002
  5.5000000e-002  3.2278367e-002
  5.6000000e-002  5.1770811e-002
  5.7000000e-002  8.0786125e-002
  5.8000000e-002  1.1826207e-001
  5.9000000e-002  1.6280598e-001
  6.0000000e-002  2.1273684e-001
  6.1000000e-002  2.6613695e-001
  6.2000000e-002  3.2091189e-001
  6.3000000e-002  3.7485689e-001
  6.4000000e-002  4.2572758e-001
  6.5000000e-002  4.7131314e-001
  6.6000000e-002  5.0950940e-001
  6.7000000e-002  5.3838976e-001
  6.8000000e-002  5.5627151e-001
  6.9000000e-002  5.6177567e-001
  7.0000000e-002  5.5387807e-001
  7.1000000e-002  5.3195026e-001
  7.2000000e-002  4.9578863e-001
  7.3000000e-002  4.4563072e-001
  7.4000000e-002  3.8215803e-001
  7.5000000e-002  3.0648514e-001
  7.6000000e-002  2.2013504e-001
  7.7000000e-002  1.2500153e-001
  7.8000000e-002  2.3299406e-002
  7.9000000e-002  8.2495993e-002
  8.0000000e-002  1.8971837e-001
  8.1000000e-002  2.9558701e-001
  8.2000000e-002  3.9728819e-001
  8.3000000e-002  4.9205884e-001
  8.4000000e-002  5.7727017e-001
  8.5000000e-002  6.5050854e-001
  8.6000000e-002  7.0965117e-001
  8.7000000e-002  7.5293428e-001
  8.8000000e-002  7.7901161e-001
  8.9000000e-002  7.8700128e-001
  9.0000000e-002  7.7651958e-001
  9.1000000e-002  7.4770046e-001
  9.2000000e-002  7.0119997e-001
  9.3000000e-002  6.3818539e-001
  9.4000000e-002  5.6030915e-001
  9.5000000e-002  4.6966825e-001
  9.6000000e-002  3.6875008e-001
  9.7000000e-002  2.6036634e-001
  9.8000000e-002  1.4757666e-001
  9.9000000e-002  3.3604292e-002
  1.0000000e-001  7.8253882e-002
  1.0100000e-001  1.8472031e-001
  1.0200000e-001  2.8263009e-001
  1.0300000e-001  3.6902181e-001
  1.0400000e-001  4.4122342e-001
  1.0500000e-001  4.9693043e-001
  1.0600000e-001  5.3427423e-001
  1.0700000e-001  5.5187848e-001
  1.0800000e-001  5.4890187e-001
  1.0900000e-001  5.2506602e-001
  1.1000000e-001  4.8066758e-001
  1.1100000e-001  4.1657422e-001
  1.1200000e-001  3.3420461e-001
  1.1300000e-001  2.3549282e-001
  1.1400000e-001  1.2283825e-001
  1.1500000e-001  9.5744317e-004
  1.1600000e-001  1.3276478e-001
  1.1700000e-001  2.6920996e-001
  1.1800000e-001  4.0676520e-001
  1.1900000e-001  5.4184311e-001
  1.2000000e-001  6.7089272e-001
  1.2100000e-001  7.9049418e-001
