  0.0000000e+000 -2.7355917e+001  0.0000000e+000 -3.8198735e+000
  1.0000000e-003 -1.7860559e+001  1.0000000e-003 -3.7516876e+000
  2.0000000e-003 -1.2900846e+001  2.0000000e-003 -3.6730097e+000
  3.0000000e-003 -9.5244778e+000  3.0000000e-003 -3.5865550e+000
  4.0000000e-003 -6.9840034e+000  4.0000000e-003 -3.4949909e+000
  5.0000000e-003 -4.9809414e+000  5.0000000e-003 -3.4008616e+000
  6.0000000e-003 -3.3657369e+000  6.0000000e-003 -3.3065338e+000
  7.0000000e-003 -2.0528629e+000  7.0000000e-003 -3.2141632e+000
  8.0000000e-003 -9.8916536e-001  8.0000000e-003 -3.1256775e+000
  9.0000000e-003 -1.3985209e-001  9.0000000e-003 -3.0427734e+000
  1.0000000e-002  5.1846962e-001  1.0000000e-002 -2.9669222e+000
  1.1000000e-002  1.0015354e+000  1.1000000e-002 -2.8993821e+000
  1.2000000e-002  1.3195309e+000  1.2000000e-002 -2.8412145e+000
  1.3000000e-002  1.4782838e+000  1.3000000e-002 -2.7933012e+000
  1.4000000e-002  1.4798875e+000  1.4000000e-002 -2.7563619e+000
  1.5000000e-002  1.3229223e+000  1.5000000e-002 -2.7309711e+000
  1.6000000e-002  1.0023458e+000  1.6000000e-002 -2.7175731e+000
  1.7000000e-002  5.0906235e-001  1.7000000e-002 -2.7164948e+000
  1.8000000e-002 -1.7083441e-001  1.8000000e-002 -2.7279571e+000
  1.9000000e-002 -1.0571067e+000  1.9000000e-002 -2.7520834e+000
  2.0000000e-002 -2.1763421e+000  2.0000000e-002 -2.7889064e+000
  2.1000000e-002 -3.5611729e+000  2.1000000e-002 -2.8383726e+000
  2.2000000e-002 -5.2409415e+000  2.2000000e-002 -2.9003454e+000
  2.3000000e-002 -7.1977795e+000  2.3000000e-002 -2.9746057e+000
  2.4000000e-002 -9.2064802e+000  2.4000000e-002 -3.0608518e+000
  2.5000000e-002 -1.0510693e+001  2.5000000e-002 -3.1586976e+000
  2.6000000e-002 -1.0206202e+001  2.6000000e-002 -3.2676701e+000
  2.7000000e-002 -8.7038301e+000  2.7000000e-002 -3.3872063e+000
  2.8000000e-002 -6.9769753e+000  2.8000000e-002 -3.5166497e+000
  2.9000000e-002 -5.4471259e+000  2.9000000e-002 -3.6552480e+000
  3.0000000e-002 -4.1861309e+000  3.0000000e-002 -3.8021506e+000
  3.1000000e-002 -3.1671634e+000  3.1000000e-002 -3.9564096e+000
  3.2000000e-002 -2.3467265e+000  3.2000000e-002 -4.1169824e+000
  3.3000000e-002 -1.6845612e+000  3.3000000e-002 -4.2827384e+000
  3.4000000e-002 -1.1473910e+000  3.4000000e-002 -4.4524710e+000
  3.5000000e-002 -7.0910649e-001  3.5000000e-002 -4.6249146e+000
  3.6000000e-002 -3.5045972e-001  3.6000000e-002 -4.7987692e+000
  3.7000000e-002 -5.8809457e-002  3.7000000e-002 -4.9727309e+000
  3.8000000e-002  1.7217566e-001  3.8000000e-002 -5.1455302e+000
  3.9000000e-002  3.4302345e-001  3.9000000e-002 -5.3159760e+000
  4.0000000e-002  4.4922582e-001  4.0000000e-002 -5.4830048e+000
  4.1000000e-002  4.8217500e-001  4.1000000e-002 -5.6457319e+000
  4.2000000e-002  4.3009130e-001  4.2000000e-002 -5.8035016e+000
  4.3000000e-002  2.7877437e-001  4.3000000e-002 -5.9559341e+000
  4.4000000e-002  1.2094495e-002  4.4000000e-002 -6.1029639e+000
  4.5000000e-002 -3.8771971e-001  4.5000000e-002 -6.2448680e+000
  4.6000000e-002 -9.3971439e-001  4.6000000e-002 -6.3822816e+000
  4.7000000e-002 -1.6630000e+000  4.7000000e-002 -6.5161992e+000
  4.8000000e-002 -2.5727088e+000  4.8000000e-002 -6.6479640e+000
  4.9000000e-002 -3.6679713e+000  4.9000000e-002 -6.7792450e+000
  5.0000000e-002 -4.8997884e+000  5.0000000e-002 -6.9120069e+000
  5.1000000e-002 -6.1008488e+000  5.1000000e-002 -7.0484749e+000
  5.2000000e-002 -6.9088993e+000  5.2000000e-002 -7.1910995e+000
  5.3000000e-002 -6.9118672e+000  5.3000000e-002 -7.3425232e+000
  5.4000000e-002 -6.1005541e+000  5.4000000e-002 -7.5055533e+000
  5.5000000e-002 -4.8864651e+000  5.5000000e-002 -7.6831414e+000
  5.6000000e-002 -3.6492268e+000  5.6000000e-002 -7.8783715e+000
  5.7000000e-002 -2.5738877e+000  5.7000000e-002 -8.0944545e+000
  5.8000000e-002 -1.7247543e+000  5.8000000e-002 -8.3347291e+000
  5.9000000e-002 -1.1183512e+000  5.9000000e-002 -8.6026636e+000
  6.0000000e-002 -7.5810145e-001  6.0000000e-002 -8.9018521e+000
  6.1000000e-002 -6.4860888e-001  6.1000000e-002 -9.2359919e+000
  6.2000000e-002 -8.0248699e-001  6.2000000e-002 -9.6088217e+000
  6.3000000e-002 -1.2459403e+000  6.3000000e-002 -1.0023981e+001
  6.4000000e-002 -2.0270638e+000  6.4000000e-002 -1.0484723e+001
  6.5000000e-002 -3.2324395e+000  6.5000000e-002 -1.0993367e+001
  6.6000000e-002 -5.0262852e+000  6.6000000e-002 -1.1550274e+001
  6.7000000e-002 -7.7627256e+000  6.7000000e-002 -1.2152018e+001
  6.8000000e-002 -1.2434144e+001  6.8000000e-002 -1.2788229e+001
  6.9000000e-002 -2.4537854e+001  6.9000000e-002 -1.3436561e+001
  7.0000000e-002 -1.6728441e+001  7.0000000e-002 -1.4055764e+001
  7.1000000e-002 -9.3141552e+000  7.1000000e-002 -1.4579307e+001
  7.2000000e-002 -5.3928939e+000  7.2000000e-002 -1.4917292e+001
  7.3000000e-002 -2.7988634e+000  7.3000000e-002 -1.4978416e+001
  7.4000000e-002 -9.4055150e-001  7.4000000e-002 -1.4711564e+001
  7.5000000e-002  4.2741683e-001  7.5000000e-002 -1.4136572e+001
  7.6000000e-002  1.4284754e+000  7.6000000e-002 -1.3331778e+001
  7.7000000e-002  2.1312387e+000  7.7000000e-002 -1.2392181e+001
  7.8000000e-002  2.5752621e+000  7.8000000e-002 -1.1396599e+001
  7.9000000e-002  2.7824429e+000  7.9000000e-002 -1.0397741e+001
  8.0000000e-002  2.7624099e+000  8.0000000e-002 -9.4260989e+000
  8.1000000e-002  2.5149782e+000  8.1000000e-002 -8.4971841e+000
  8.2000000e-002  2.0309789e+000  8.2000000e-002 -7.6175371e+000
  8.3000000e-002  1.2922581e+000  8.3000000e-002 -6.7887052e+000
  8.4000000e-002  2.7211053e-001  8.4000000e-002 -6.0096244e+000
  8.5000000e-002 -1.0596854e+000  8.5000000e-002 -5.2779739e+000
  8.6000000e-002 -2.7115852e+000  8.6000000e-002 -4.5909197e+000
  8.7000000e-002 -4.5704852e+000  8.7000000e-002 -3.9455125e+000
  8.8000000e-002 -6.1252536e+000  8.8000000e-002 -3.3388896e+000
  8.9000000e-002 -6.3849587e+000  8.9000000e-002 -2.7683712e+000
  9.0000000e-002 -5.1685556e+000  9.0000000e-002 -2.2314977e+000
  9.1000000e-002 -3.4389481e+000  9.1000000e-002 -1.7260365e+000
  9.2000000e-002 -1.8531718e+000  9.2000000e-002 -1.2499730e+000
  9.3000000e-002 -5.9041142e-001  9.3000000e-002 -8.0149500e-001
  9.4000000e-002  3.3825228e-001  9.4000000e-002 -3.7897311e-001
  9.5000000e-002  9.5619106e-001  9.5000000e-002  1.9057769e-002
  9.6000000e-002  1.2852596e+000  9.6000000e-002  3.9391691e-001
  9.7000000e-002  1.3379282e+000  9.7000000e-002  7.4679440e-001
  9.8000000e-002  1.1163931e+000  9.8000000e-002  1.0787662e+000
  9.9000000e-002  6.1373886e-001  9.9000000e-002  1.3908074e+000
  1.0000000e-001 -1.8201188e-001  1.0000000e-001  1.6838044e+000
  1.0100000e-001 -1.2738763e+000  1.0100000e-001  1.9585647e+000
  1.0200000e-001 -2.6088988e+000  1.0200000e-001  2.2158269e+000
  1.0300000e-001 -3.9456831e+000  1.0300000e-001  2.4562677e+000
  1.0400000e-001 -4.6697693e+000  1.0400000e-001  2.6805101e+000
  1.0500000e-001 -4.1509645e+000  1.0500000e-001  2.8891290e+000
  1.0600000e-001 -2.6613491e+000  1.0600000e-001  3.0826567e+000
  1.0700000e-001 -9.3029430e-001  1.0700000e-001  3.2615883e+000
  1.0800000e-001  6.4367316e-001  1.0800000e-001  3.4263859e+000
  1.0900000e-001  1.9479668e+000  1.0900000e-001  3.5774827e+000
  1.1000000e-001  2.9742260e+000  1.1000000e-001  3.7152864e+000
  1.1100000e-001  3.7396760e+000  1.1100000e-001  3.8401826e+000
  1.1200000e-001  4.2627642e+000  1.1200000e-001  3.9525378e+000
  1.1300000e-001  4.5566354e+000  1.1300000e-001  4.0527025e+000
  1.1400000e-001  4.6277085e+000  1.1400000e-001  4.1410130e+000
  1.1500000e-001  4.4754741e+000  1.1500000e-001  4.2177947e+000
  1.1600000e-001  4.0924541e+000  1.1600000e-001  4.2833637e+000
  1.1700000e-001  3.4643797e+000  1.1700000e-001  4.3380291e+000
  1.1800000e-001  2.5718856e+000  1.1800000e-001  4.3820954e+000
  1.1900000e-001  1.3984285e+000  1.1900000e-001  4.4158638e+000
  1.2000000e-001 -3.9970572e-002  1.2000000e-001  4.4396343e+000
  1.2100000e-001 -1.5995074e+000  1.2100000e-001  4.4537075e+000
  1.2200000e-001 -2.8057458e+000  1.2200000e-001  4.4583862e+000
  1.2300000e-001 -2.8992585e+000  1.2300000e-001  4.4539768e+000
  1.2400000e-001 -1.7733422e+000  1.2400000e-001  4.4407907e+000
  1.2500000e-001 -1.5278353e-001  1.2500000e-001  4.4191457e+000
  1.2600000e-001  1.4038575e+000  1.2600000e-001  4.3893672e+000
  1.2700000e-001  2.7054056e+000  1.2700000e-001  4.3517888e+000
  1.2800000e-001  3.7201301e+000  1.2800000e-001  4.3067537e+000
  1.2900000e-001  4.4597099e+000  1.2900000e-001  4.2546142e+000
  1.3000000e-001  4.9410590e+000  1.3000000e-001  4.1957329e+000
  1.3100000e-001  5.1754469e+000  1.3100000e-001  4.1304821e+000
  1.3200000e-001  5.1652744e+000  1.3200000e-001  4.0592433e+000
  1.3300000e-001  4.9021766e+000  1.3300000e-001  3.9824064e+000
  1.3400000e-001  4.3640054e+000  1.3400000e-001  3.9003682e+000
  1.3500000e-001  3.5086724e+000  1.3500000e-001  3.8135306e+000
  1.3600000e-001  2.2610860e+000  1.3600000e-001  3.7222982e+000
  1.3700000e-001  4.8329846e-001  1.3700000e-001  3.6270751e+000
  1.3800000e-001 -2.1037435e+000  1.3800000e-001  3.5282616e+000
  1.3900000e-001 -6.1736372e+000  1.3900000e-001  3.4262496e+000
  1.4000000e-001 -1.3648264e+001  1.4000000e-001  3.3214184e+000
  1.4100000e-001 -1.2894212e+001  1.4100000e-001  3.2141291e+000
  1.4200000e-001 -5.6543900e+000  1.4200000e-001  3.1047194e+000
  1.4300000e-001 -1.6344763e+000  1.4300000e-001  2.9934974e+000
  1.4400000e-001  9.7870112e-001  1.4400000e-001  2.8807357e+000
  1.4500000e-001  2.8131012e+000  1.4500000e-001  2.7666655e+000
  1.4600000e-001  4.1334751e+000  1.4600000e-001  2.6514706e+000
  1.4700000e-001  5.0723393e+000  1.4700000e-001  2.5352821e+000
  1.4800000e-001  5.7025313e+000  1.4800000e-001  2.4181729e+000
  1.4900000e-001  6.0651730e+000  1.4900000e-001  2.3001542e+000
