 -1.4092619e+000  0.0000000e+000
 -1.3592619e+000  0.0000000e+000
 -1.3092619e+000  0.0000000e+000
 -1.2592619e+000  0.0000000e+000
 -1.2092619e+000  4.0000000e-003
 -1.1592619e+000  2.0000000e-003
 -1.1092619e+000  4.0000000e-003
 -1.0592619e+000  8.0000000e-003
 -1.0092619e+000  1.0000000e-002
 -9.5926189e-001  1.2000000e-002
 -9.0926189e-001  8.0000000e-003
 -8.5926189e-001  1.2000000e-002
 -8.0926189e-001  1.2000000e-002
 -7.5926189e-001  3.0000000e-002
 -7.0926189e-001  2.8000000e-002
 -6.5926189e-001  3.8000000e-002
 -6.0926189e-001  3.2000000e-002
 -5.5926189e-001  4.4000000e-002
 -5.0926189e-001  5.4000000e-002
 -4.5926189e-001  5.6000000e-002
 -4.0926189e-001  1.0600000e-001
 -3.5926189e-001  8.0000000e-002
 -3.0926189e-001  1.2000000e-001
 -2.5926189e-001  1.2200000e-001
 -2.0926189e-001  1.3400000e-001
 -1.5926189e-001  1.7200000e-001
 -1.0926189e-001  1.3600000e-001
 -5.9261886e-002  1.7000000e-001
 -9.2618863e-003  2.0000000e-001
  4.0738114e-002  2.4600000e-001
  9.0738114e-002  2.1000000e-001
  1.4073811e-001  2.4800000e-001
  1.9073811e-001  2.5800000e-001
  2.4073811e-001  3.1400000e-001
  2.9073811e-001  3.9800000e-001
  3.4073811e-001  4.0200000e-001
  3.9073811e-001  4.4000000e-001
  4.4073811e-001  4.0800000e-001
  4.9073811e-001  4.2600000e-001
  5.4073811e-001  4.3400000e-001
  5.9073811e-001  4.4000000e-001
  6.4073811e-001  4.3600000e-001
  6.9073811e-001  5.1000000e-001
  7.4073811e-001  5.0800000e-001
  7.9073811e-001  5.6400000e-001
  8.4073811e-001  5.5000000e-001
  8.9073811e-001  5.1200000e-001
  9.4073811e-001  5.5800000e-001
  9.9073811e-001  5.6800000e-001
  1.0407381e+000  5.3200000e-001
  1.0907381e+000  6.0400000e-001
  1.1407381e+000  5.4400000e-001
  1.1907381e+000  5.3600000e-001
  1.2407381e+000  5.3200000e-001
  1.2907381e+000  4.6000000e-001
  1.3407381e+000  5.1800000e-001
  1.3907381e+000  4.5600000e-001
  1.4407381e+000  4.5000000e-001
  1.4907381e+000  4.3400000e-001
  1.5407381e+000  4.4800000e-001
  1.5907381e+000  3.7600000e-001
  1.6407381e+000  4.1400000e-001
  1.6907381e+000  3.6400000e-001
  1.7407381e+000  3.6400000e-001
  1.7907381e+000  3.2000000e-001
  1.8407381e+000  2.9800000e-001
  1.8907381e+000  2.2000000e-001
  1.9407381e+000  2.2200000e-001
  1.9907381e+000  1.9400000e-001
  2.0407381e+000  1.9800000e-001
  2.0907381e+000  2.2600000e-001
  2.1407381e+000  1.6200000e-001
  2.1907381e+000  1.6000000e-001
  2.2407381e+000  1.4200000e-001
  2.2907381e+000  1.1000000e-001
  2.3407381e+000  1.1400000e-001
  2.3907381e+000  9.0000000e-002
  2.4407381e+000  8.6000000e-002
  2.4907381e+000  5.8000000e-002
  2.5407381e+000  5.2000000e-002
  2.5907381e+000  5.2000000e-002
  2.6407381e+000  5.6000000e-002
  2.6907381e+000  3.6000000e-002
  2.7407381e+000  3.2000000e-002
  2.7907381e+000  3.0000000e-002
  2.8407381e+000  2.4000000e-002
  2.8907381e+000  1.2000000e-002
  2.9407381e+000  2.2000000e-002
  2.9907381e+000  8.0000000e-003
  3.0407381e+000  4.0000000e-003
  3.0907381e+000  4.0000000e-003
  3.1407381e+000  2.0000000e-003
  3.1907381e+000  6.0000000e-003
  3.2407381e+000  4.0000000e-003
  3.2907381e+000  0.0000000e+000
  3.3407381e+000  0.0000000e+000
  3.3907381e+000  0.0000000e+000

 -4.8776715e+000  0.0000000e+000
 -4.8276715e+000  0.0000000e+000
 -4.7776715e+000  0.0000000e+000
 -4.7276715e+000  0.0000000e+000
 -4.6776715e+000  0.0000000e+000
 -4.6276715e+000  0.0000000e+000
 -4.5776715e+000  0.0000000e+000
 -4.5276715e+000  0.0000000e+000
 -4.4776715e+000  0.0000000e+000
 -4.4276715e+000  0.0000000e+000
 -4.3776715e+000  2.0000000e-003
 -4.3276715e+000  2.0000000e-003
 -4.2776715e+000  2.0000000e-003
 -4.2276715e+000  2.0000000e-003
 -4.1776715e+000  0.0000000e+000
 -4.1276715e+000  2.0000000e-003
 -4.0776715e+000  2.0000000e-003
 -4.0276715e+000  2.0000000e-003
 -3.9776715e+000  0.0000000e+000
 -3.9276715e+000  1.0000000e-002
 -3.8776715e+000  0.0000000e+000
 -3.8276715e+000  8.0000000e-003
 -3.7776715e+000  2.0000000e-003
 -3.7276715e+000  2.0000000e-003
 -3.6776715e+000  6.0000000e-003
 -3.6276715e+000  6.0000000e-003
 -3.5776715e+000  8.0000000e-003
 -3.5276715e+000  6.0000000e-003
 -3.4776715e+000  6.0000000e-003
 -3.4276715e+000  1.0000000e-002
 -3.3776715e+000  8.0000000e-003
 -3.3276715e+000  1.6000000e-002
 -3.2776715e+000  1.0000000e-002
 -3.2276715e+000  1.4000000e-002
 -3.1776715e+000  1.2000000e-002
 -3.1276715e+000  2.8000000e-002
 -3.0776715e+000  1.4000000e-002
 -3.0276715e+000  1.4000000e-002
 -2.9776715e+000  1.4000000e-002
 -2.9276715e+000  4.2000000e-002
 -2.8776715e+000  3.2000000e-002
 -2.8276715e+000  3.0000000e-002
 -2.7776715e+000  2.0000000e-002
 -2.7276715e+000  3.0000000e-002
 -2.6776715e+000  1.8000000e-002
 -2.6276715e+000  1.8000000e-002
 -2.5776715e+000  4.8000000e-002
 -2.5276715e+000  4.8000000e-002
 -2.4776715e+000  3.4000000e-002
 -2.4276715e+000  4.6000000e-002
 -2.3776715e+000  3.6000000e-002
 -2.3276715e+000  3.6000000e-002
 -2.2776715e+000  4.6000000e-002
 -2.2276715e+000  5.6000000e-002
 -2.1776715e+000  5.8000000e-002
 -2.1276715e+000  6.6000000e-002
 -2.0776715e+000  6.4000000e-002
 -2.0276715e+000  7.6000000e-002
 -1.9776715e+000  8.0000000e-002
 -1.9276715e+000  6.6000000e-002
 -1.8776715e+000  6.8000000e-002
 -1.8276715e+000  7.4000000e-002
 -1.7776715e+000  1.0000000e-001
 -1.7276715e+000  9.0000000e-002
 -1.6776715e+000  8.8000000e-002
 -1.6276715e+000  1.1400000e-001
 -1.5776715e+000  1.0200000e-001
 -1.5276715e+000  1.0200000e-001
 -1.4776715e+000  1.1800000e-001
 -1.4276715e+000  1.1000000e-001
 -1.3776715e+000  1.2400000e-001
 -1.3276715e+000  1.2000000e-001
 -1.2776715e+000  1.3200000e-001
 -1.2276715e+000  1.5000000e-001
 -1.1776715e+000  1.2600000e-001
 -1.1276715e+000  1.3200000e-001
 -1.0776715e+000  1.6200000e-001
 -1.0276715e+000  1.2800000e-001
 -9.7767150e-001  1.6000000e-001
 -9.2767150e-001  1.6200000e-001
 -8.7767150e-001  1.7800000e-001
 -8.2767150e-001  1.4800000e-001
 -7.7767150e-001  1.7400000e-001
 -7.2767150e-001  2.0600000e-001
 -6.7767150e-001  1.8800000e-001
 -6.2767150e-001  2.0000000e-001
 -5.7767150e-001  1.9600000e-001
 -5.2767150e-001  2.0400000e-001
 -4.7767150e-001  1.9400000e-001
 -4.2767150e-001  2.3600000e-001
 -3.7767150e-001  2.2200000e-001
 -3.2767150e-001  2.1000000e-001
 -2.7767150e-001  2.3600000e-001
 -2.2767150e-001  2.0600000e-001
 -1.7767150e-001  2.1800000e-001
 -1.2767150e-001  2.3200000e-001
 -7.7671504e-002  2.5000000e-001
 -2.7671504e-002  2.2000000e-001
  2.2328496e-002  2.3400000e-001
  7.2328496e-002  2.1400000e-001
  1.2232850e-001  2.4800000e-001
  1.7232850e-001  2.3400000e-001
  2.2232850e-001  2.0400000e-001
  2.7232850e-001  2.2600000e-001
  3.2232850e-001  2.4800000e-001
  3.7232850e-001  2.1200000e-001
  4.2232850e-001  2.6800000e-001
  4.7232850e-001  2.3800000e-001
  5.2232850e-001  2.8800000e-001
  5.7232850e-001  2.7600000e-001
  6.2232850e-001  2.7000000e-001
  6.7232850e-001  2.7600000e-001
  7.2232850e-001  2.4800000e-001
  7.7232850e-001  2.4600000e-001
  8.2232850e-001  2.5000000e-001
  8.7232850e-001  2.0600000e-001
  9.2232850e-001  2.1600000e-001
  9.7232850e-001  2.4000000e-001
  1.0223285e+000  2.3200000e-001
  1.0723285e+000  1.9200000e-001
  1.1223285e+000  2.3600000e-001
  1.1723285e+000  2.5400000e-001
  1.2223285e+000  2.2600000e-001
  1.2723285e+000  2.3200000e-001
  1.3223285e+000  2.1000000e-001
  1.3723285e+000  2.4800000e-001
  1.4223285e+000  2.6800000e-001
  1.4723285e+000  2.4200000e-001
  1.5223285e+000  1.9000000e-001
  1.5723285e+000  1.8000000e-001
  1.6223285e+000  1.8000000e-001
  1.6723285e+000  1.8600000e-001
  1.7223285e+000  1.7200000e-001
  1.7723285e+000  1.9200000e-001
  1.8223285e+000  1.6800000e-001
  1.8723285e+000  1.7000000e-001
  1.9223285e+000  2.1200000e-001
  1.9723285e+000  1.6600000e-001
  2.0223285e+000  1.8800000e-001
  2.0723285e+000  1.5400000e-001
  2.1223285e+000  1.5800000e-001
  2.1723285e+000  1.5200000e-001
  2.2223285e+000  1.4000000e-001
  2.2723285e+000  1.5200000e-001
  2.3223285e+000  1.5000000e-001
  2.3723285e+000  1.6200000e-001
  2.4223285e+000  1.4800000e-001
  2.4723285e+000  1.3600000e-001
  2.5223285e+000  1.1800000e-001
  2.5723285e+000  1.0800000e-001
  2.6223285e+000  1.2400000e-001
  2.6723285e+000  1.1200000e-001
  2.7223285e+000  9.0000000e-002
  2.7723285e+000  1.0200000e-001
  2.8223285e+000  8.0000000e-002
  2.8723285e+000  8.6000000e-002
  2.9223285e+000  5.0000000e-002
  2.9723285e+000  8.4000000e-002
  3.0223285e+000  9.2000000e-002
  3.0723285e+000  8.0000000e-002
  3.1223285e+000  7.0000000e-002
  3.1723285e+000  7.6000000e-002
  3.2223285e+000  5.4000000e-002
  3.2723285e+000  8.2000000e-002
  3.3223285e+000  4.8000000e-002
  3.3723285e+000  7.2000000e-002
  3.4223285e+000  4.8000000e-002
  3.4723285e+000  5.8000000e-002
  3.5223285e+000  6.0000000e-002
  3.5723285e+000  4.0000000e-002
  3.6223285e+000  3.0000000e-002
  3.6723285e+000  4.0000000e-002
  3.7223285e+000  2.6000000e-002
  3.7723285e+000  3.6000000e-002
  3.8223285e+000  2.0000000e-002
  3.8723285e+000  2.0000000e-002
  3.9223285e+000  1.0000000e-002
  3.9723285e+000  1.6000000e-002
  4.0223285e+000  3.2000000e-002
  4.0723285e+000  1.8000000e-002
  4.1223285e+000  1.4000000e-002
  4.1723285e+000  1.8000000e-002
  4.2223285e+000  2.0000000e-002
  4.2723285e+000  1.4000000e-002
  4.3223285e+000  1.0000000e-002
  4.3723285e+000  2.2000000e-002
  4.4223285e+000  2.4000000e-002
  4.4723285e+000  1.6000000e-002
  4.5223285e+000  6.0000000e-003
  4.5723285e+000  4.0000000e-003
  4.6223285e+000  6.0000000e-003
  4.6723285e+000  1.4000000e-002
  4.7223285e+000  6.0000000e-003
  4.7723285e+000  1.0000000e-002
  4.8223285e+000  4.0000000e-003
  4.8723285e+000  6.0000000e-003
  4.9223285e+000  6.0000000e-003
  4.9723285e+000  4.0000000e-003
  5.0223285e+000  6.0000000e-003
  5.0723285e+000  2.0000000e-003
  5.1223285e+000  2.0000000e-003
  5.1723285e+000  2.0000000e-003
  5.2223285e+000  8.0000000e-003
  5.2723285e+000  2.0000000e-003
  5.3223285e+000  4.0000000e-003
  5.3723285e+000  4.0000000e-003
  5.4223285e+000  2.0000000e-003
  5.4723285e+000  0.0000000e+000
  5.5223285e+000  2.0000000e-003
  5.5723285e+000  0.0000000e+000
  5.6223285e+000  2.0000000e-003
  5.6723285e+000  2.0000000e-003
  5.7223285e+000  0.0000000e+000
  5.7723285e+000  0.0000000e+000
  5.8223285e+000  0.0000000e+000
  5.8723285e+000  0.0000000e+000
  5.9223285e+000  0.0000000e+000
  5.9723285e+000  0.0000000e+000
  6.0223285e+000  0.0000000e+000
