  0.0000000e+000  1.3084295e+000  0.0000000e+000  6.0000000e-001
  1.0000000e+000  1.3030635e+000  1.0000000e+000  9.4580652e-001
  2.0000000e+000  1.2871792e+000  2.0000000e+000  1.2778268e+000
  3.0000000e+000  1.2614101e+000  3.0000000e+000  1.5828243e+000
  4.0000000e+000  1.2267833e+000  4.0000000e+000  1.8486397e+000
  5.0000000e+000  1.1846794e+000  5.0000000e+000  2.0646758e+000
  6.0000000e+000  1.1367769e+000  6.0000000e+000  2.2223198e+000
  7.0000000e+000  1.0849855e+000  7.0000000e+000  2.3152871e+000
  8.0000000e+000  1.0313700e+000  8.0000000e+000  2.3398713e+000
  9.0000000e+000  9.7806789e-001  9.0000000e+000  2.2950923e+000
  1.0000000e+001  9.2720415e-001  1.0000000e+001  2.1827354e+000
  1.1000000e+001  8.8080654e-001  1.1000000e+001  2.0072798e+000
  1.2000000e+001  8.4072479e-001  1.2000000e+001  1.7757203e+000
  1.3000000e+001  8.0855684e-001  1.3000000e+001  1.4972886e+000
  1.4000000e+001  7.8558512e-001  1.4000000e+001  1.1830849e+000
  1.5000000e+001  7.7272543e-001  1.5000000e+001  8.4563539e-001
  1.6000000e+001  7.7049047e-001  1.6000000e+001  4.9839318e-001
  1.7000000e+001  7.7896932e-001  1.7000000e+001  1.5520171e-001
  1.8000000e+001  7.9782396e-001  1.8000000e+001 -1.7025706e-001
  1.9000000e+001  8.2630272e-001  1.9000000e+001 -4.6500811e-001
  2.0000000e+001  8.6327024e-001  2.0000000e+001 -7.1730064e-001
  2.1000000e+001  9.0725273e-001  2.1000000e+001 -9.1707656e-001
  2.2000000e+001  9.5649676e-001  2.2000000e+001 -1.0563714e+000
  2.3000000e+001  1.0090391e+000  2.3000000e+001 -1.1296320e+000
  2.4000000e+001  1.0627851e+000  2.4000000e+001 -1.1339376e+000
  2.5000000e+001  1.1155921e+000  2.5000000e+001 -1.0691165e+000
  2.6000000e+001  1.1653547e+000  2.6000000e+001 -9.3775310e-001
  2.7000000e+001  1.2100892e+000  2.7000000e+001 -7.4508430e-001
  2.8000000e+001  1.2480121e+000  2.8000000e+001 -4.9879123e-001
  2.9000000e+001  1.2776115e+000  2.9000000e+001 -2.0869283e-001
  3.0000000e+001  1.2977074e+000  3.0000000e+001  1.1364561e-001
  3.1000000e+001  1.3074987e+000  3.1000000e+001  4.5537346e-001
  3.2000000e+001  1.3065949e+000  3.2000000e+001  8.0286712e-001
  3.3000000e+001  1.2950322e+000  3.3000000e+001  1.1422731e+000
  3.4000000e+001  1.2732715e+000  3.4000000e+001  1.4600604e+000
  3.5000000e+001  1.2421803e+000  3.5000000e+001  1.7435597e+000
  3.6000000e+001  1.2029981e+000  3.6000000e+001  1.9814690e+000
  3.7000000e+001  1.1572870e+000  3.7000000e+001  2.1643034e+000
  3.8000000e+001  1.1068694e+000  3.8000000e+001  2.2847740e+000
  3.9000000e+001  1.0537552e+000  3.9000000e+001  2.3380780e+000
  4.0000000e+001  1.0000620e+000  4.0000000e+001  2.3220903e+000
  4.1000000e+001  9.4793031e-001  4.1000000e+001  2.2374483e+000
  4.2000000e+001  8.9943847e-001  4.2000000e+001  2.0875264e+000
  4.3000000e+001  8.5651969e-001  4.3000000e+001  1.8783015e+000
  4.4000000e+001  8.2088501e-001  4.4000000e+001  1.6181148e+000
  4.5000000e+001  7.9395507e-001  4.5000000e+001  1.3173390e+000
  4.6000000e+001  7.7680350e-001  4.6000000e+001  9.8796519e-001
  4.7000000e+001  7.7011406e-001  4.7000000e+001  6.4312444e-001
  4.8000000e+001  7.7415344e-001  4.8000000e+001  2.9656445e-001
  4.9000000e+001  7.8876061e-001  4.9000000e+001 -3.7898520e-002
  5.0000000e+001  8.1335322e-001  5.0000000e+001 -3.4693049e-001
  5.1000000e+001  8.4695084e-001  5.1000000e+001 -6.1821133e-001
  5.2000000e+001  8.8821405e-001  5.2000000e+001 -8.4092593e-001
  5.3000000e+001  9.3549781e-001  5.3000000e+001 -1.0061954e+000
  5.4000000e+001  9.8691706e-001  5.4000000e+001 -1.1074308e+000
  5.5000000e+001  1.0404219e+000  5.5000000e+001 -1.1405965e+000
  5.6000000e+001  1.0938792e+000  5.6000000e+001 -1.1043700e+000
  5.7000000e+001  1.1451579e+000  5.7000000e+001 -1.0001956e+000
  5.8000000e+001  1.1922135e+000  5.8000000e+001 -8.3222656e-001
  5.9000000e+001  1.2331702e+000  5.9000000e+001 -6.0715913e-001
  6.0000000e+001  1.2663952e+000  6.0000000e+001 -3.3396607e-001
  6.1000000e+001  1.2905638e+000  6.1000000e+001 -2.3538725e-002
  6.2000000e+001  1.3047125e+000  6.2000000e+001  3.1174714e-001
  6.3000000e+001  1.3082773e+000  6.3000000e+001  6.5852473e-001
  6.4000000e+001  1.3011161e+000  6.4000000e+001  1.0029691e+000
  6.5000000e+001  1.2835143e+000  6.5000000e+001  1.3313484e+000
  6.6000000e+001  1.2561737e+000  6.6000000e+001  1.6305712e+000
  6.7000000e+001  1.2201842e+000  6.7000000e+001  1.8887083e+000
  6.8000000e+001  1.1769807e+000  6.8000000e+001  2.0954687e+000
  6.9000000e+001  1.1282855e+000  6.9000000e+001  2.2426094e+000
  7.0000000e+001  1.0760400e+000  7.0000000e+001  2.3242645e+000
  7.1000000e+001  1.0223270e+000  7.1000000e+001  2.3371787e+000
  7.2000000e+001  9.6928790e-001  7.2000000e+001  2.2808370e+000
  7.3000000e+001  9.1903717e-001  7.3000000e+001  2.1574856e+000
  7.4000000e+001  8.7357817e-001  7.4000000e+001  1.9720422e+000
  7.5000000e+001  8.3472321e-001  7.5000000e+001  1.7318998e+000
  7.6000000e+001  8.0402131e-001  7.6000000e+001  1.4466321e+000
  7.7000000e+001  7.8269645e-001  7.7000000e+001  1.1276119e+000
  7.8000000e+001  7.7159880e-001  7.8000000e+001  7.8755746e-001
  7.9000000e+001  7.7117078e-001  7.9000000e+001  4.4002570e-001
  8.0000000e+001  7.8142945e-001  8.0000000e+001  9.8871600e-002
  8.1000000e+001  8.0196584e-001  8.1000000e+001 -2.2230409e-001
  8.2000000e+001  8.3196122e-001  8.2000000e+001 -5.1069711e-001
  8.3000000e+001  8.7021977e-001  8.3000000e+001 -7.5481014e-001
  8.4000000e+001  9.1521624e-001  8.4000000e+001 -9.4491116e-001
  8.5000000e+001  9.6515677e-001  8.5000000e+001 -1.0734215e+000
  8.6000000e+001  1.0180504e+000  8.6000000e+001 -1.1352177e+000
  8.7000000e+001  1.0717884e+000  8.7000000e+001 -1.1278363e+000
  8.8000000e+001  1.1242284e+000  8.8000000e+001 -1.0515715e+000
  8.9000000e+001  1.1732798e+000  8.9000000e+001 -9.0946382e-001
  9.0000000e+001  1.2169871e+000  9.0000000e+001 -7.0717854e-001
  9.1000000e+001  1.2536078e+000  9.1000000e+001 -4.5278018e-001
  9.2000000e+001  1.2816820e+000  9.2000000e+001 -1.5641079e-001
  9.3000000e+001  1.3000903e+000  9.3000000e+001  1.7011431e-001
  9.4000000e+001  1.3080991e+000  9.4000000e+001  5.1377759e-001
  9.5000000e+001  1.3053888e+000  9.5000000e+001  8.6087829e-001
  9.6000000e+001  1.2920677e+000  9.6000000e+001  1.1975786e+000
  9.7000000e+001  1.2686668e+000  9.7000000e+001  1.5104553e+000
  9.8000000e+001  1.2361189e+000  9.8000000e+001  1.7870351e+000
  9.9000000e+001  1.1957218e+000  9.9000000e+001  2.0162915e+000
  1.0000000e+002  1.1490858e+000  1.0000000e+002  2.1890848e+000
