  0.0000000e+000  1.0000000e+000  0.0000000e+000  1.0000000e+000
  1.0000000e-003  9.9559733e-001  1.0000000e-003  9.9794130e-001
  2.0000000e-003  9.7249486e-001  2.0000000e-003  9.9395235e-001
  3.0000000e-003  9.3129106e-001  3.0000000e-003  9.8804272e-001
  4.0000000e-003  8.7306876e-001  4.0000000e-003  9.8022826e-001
  5.0000000e-003  7.9936483e-001  5.0000000e-003  9.7053108e-001
  6.0000000e-003  7.1212818e-001  6.0000000e-003  9.5897944e-001
  7.0000000e-003  6.1366868e-001  7.0000000e-003  9.4560774e-001
  8.0000000e-003  5.0660166e-001  8.0000000e-003  9.3045633e-001
  9.0000000e-003  3.9380128e-001  9.0000000e-003  9.1357141e-001
  1.0000000e-002  2.7841157e-001  1.0000000e-002  8.9500484e-001
  1.1000000e-002  1.6421724e-001  1.1000000e-002  8.7481395e-001
  1.2000000e-002  6.0891839e-002  1.2000000e-002  8.5306131e-001
  1.3000000e-002  7.3330214e-002  1.3000000e-002  8.2981446e-001
  1.4000000e-002  1.6551832e-001  1.4000000e-002  8.0514567e-001
  1.5000000e-002  2.5215006e-001  1.5000000e-002  7.7913163e-001
  1.6000000e-002  3.2694865e-001  1.6000000e-002  7.5185311e-001
  1.7000000e-002  3.8765683e-001  1.7000000e-002  7.2339466e-001
  1.8000000e-002  4.3289923e-001  1.8000000e-002  6.9384426e-001
  1.9000000e-002  4.6188041e-001  1.9000000e-002  6.6329292e-001
  2.0000000e-002  4.7432971e-001  2.0000000e-002  6.3183435e-001
  2.1000000e-002  4.7048100e-001  2.1000000e-002  5.9956456e-001
  2.2000000e-002  4.5105121e-001  2.2000000e-002  5.6658149e-001
  2.3000000e-002  4.1720926e-001  2.3000000e-002  5.3298458e-001
  2.4000000e-002  3.7053480e-001  2.4000000e-002  4.9887445e-001
  2.5000000e-002  3.1297001e-001  2.5000000e-002  4.6435248e-001
  2.6000000e-002  2.4677611e-001  2.6000000e-002  4.2952044e-001
  2.7000000e-002  1.7454222e-001  2.7000000e-002  3.9448015e-001
  2.8000000e-002  9.9572121e-002  2.8000000e-002  3.5933319e-001
  2.9000000e-002  3.3193593e-002  2.9000000e-002  3.2418056e-001
  3.0000000e-002  6.5692522e-002  3.0000000e-002  2.8912257e-001
  3.1000000e-002  1.3537984e-001  3.1000000e-002  2.5425869e-001
  3.2000000e-002  2.0156646e-001  3.2000000e-002  2.1968786e-001
  3.3000000e-002  2.6040624e-001  3.3000000e-002  1.8550922e-001
  3.4000000e-002  3.0990592e-001  3.4000000e-002  1.5182436e-001
  3.5000000e-002  3.4865788e-001  3.5000000e-002  1.1874357e-001
  3.6000000e-002  3.7570557e-001  3.6000000e-002  8.6405945e-002
  3.7000000e-002  3.9052431e-001  3.7000000e-002  5.5066816e-002
  3.8000000e-002  3.9301590e-001  3.8000000e-002  2.5785575e-002
  3.9000000e-002  3.8349916e-001  3.9000000e-002  1.4614116e-002
  4.0000000e-002  3.6269321e-001  4.0000000e-002  3.8922338e-002
  4.1000000e-002  3.3169563e-001  4.1000000e-002  6.6292276e-002
  4.2000000e-002  2.9196341e-001  4.2000000e-002  9.3112573e-002
  4.3000000e-002  2.4531700e-001  4.3000000e-002  1.1896270e-001
  4.4000000e-002  1.9403153e-001  4.4000000e-002  1.4369787e-001
  4.5000000e-002  1.4125876e-001  4.5000000e-002  1.6723544e-001
  4.6000000e-002  9.2945189e-002  4.6000000e-002  1.8951563e-001
  4.7000000e-002  6.5776958e-002  4.7000000e-002  2.1049056e-001
  4.8000000e-002  8.1856629e-002  4.8000000e-002  2.3012035e-001
  4.9000000e-002  1.2083519e-001  4.9000000e-002  2.4837151e-001
  5.0000000e-002  1.6195461e-001  5.0000000e-002  2.6521622e-001
  5.1000000e-002  1.9854804e-001  5.1000000e-002  2.8063185e-001
  5.2000000e-002  2.2794358e-001  5.2000000e-002  2.9460081e-001
  5.3000000e-002  2.4873007e-001  5.3000000e-002  3.0711032e-001
  5.4000000e-002  2.6013774e-001  5.4000000e-002  3.1815233e-001
  5.5000000e-002  2.6186149e-001  5.5000000e-002  3.2772339e-001
  5.6000000e-002  2.5399337e-001  5.6000000e-002  3.3582458e-001
  5.7000000e-002  2.3698300e-001  5.7000000e-002  3.4246140e-001
  5.8000000e-002  2.1160187e-001  5.8000000e-002  3.4764366e-001
  5.9000000e-002  1.7890395e-001  5.9000000e-002  3.5138542e-001
  6.0000000e-002  1.4018027e-001  6.0000000e-002  3.5370484e-001
  6.1000000e-002  9.6907653e-002  6.1000000e-002  3.5462411e-001
  6.2000000e-002  5.0692621e-002  6.2000000e-002  3.5416932e-001
  6.3000000e-002  3.2161514e-003  6.3000000e-002  3.5237037e-001
  6.4000000e-002  4.3849300e-002  6.4000000e-002  3.4926082e-001
  6.5000000e-002  8.8852708e-002  6.5000000e-002  3.4487780e-001
  6.6000000e-002  1.3027077e-001  6.6000000e-002  3.3926190e-001
  6.7000000e-002  1.6673448e-001  6.7000000e-002  3.3245703e-001
  6.8000000e-002  1.9708074e-001  6.8000000e-002  3.2451034e-001
  6.9000000e-002  2.2039038e-001  6.9000000e-002  3.1547209e-001
  7.0000000e-002  2.3601736e-001  7.0000000e-002  3.0539556e-001
  7.1000000e-002  2.4360837e-001  7.1000000e-002  2.9433699e-001
  7.2000000e-002  2.4311290e-001  7.2000000e-002  2.8235552e-001
  7.3000000e-002  2.3478454e-001  7.3000000e-002  2.6951318e-001
  7.4000000e-002  2.1917588e-001  7.4000000e-002  2.5587492e-001
  7.5000000e-002  1.9713232e-001  7.5000000e-002  2.4150880e-001
  7.6000000e-002  1.6979801e-001  7.6000000e-002  2.2648620e-001
  7.7000000e-002  1.3867151e-001  7.7000000e-002  2.1088235e-001
  7.8000000e-002  1.0583625e-001  7.8000000e-002  1.9477722e-001
  7.9000000e-002  7.4852811e-002  7.9000000e-002  1.7825697e-001
  8.0000000e-002  5.3846865e-002  8.0000000e-002  1.6141647e-001
  8.1000000e-002  5.5850855e-002  8.1000000e-002  1.4436381e-001
  8.2000000e-002  7.6642351e-002  8.2000000e-002  1.2722844e-001
  8.3000000e-002  1.0215986e-001  8.3000000e-002  1.1017666e-001
  8.4000000e-002  1.2595438e-001  8.4000000e-002  9.3442803e-002
  8.5000000e-002  1.4542459e-001  8.5000000e-002  7.7395218e-002
  8.6000000e-002  1.5926079e-001  8.6000000e-002  6.2680798e-002
  8.7000000e-002  1.6675162e-001  8.7000000e-002  5.0521197e-002
  8.8000000e-002  1.6758193e-001  8.8000000e-002  4.3065017e-002
  8.9000000e-002  1.6176014e-001  8.9000000e-002  4.2657336e-002
  9.0000000e-002  1.4958232e-001  9.0000000e-002  4.9216290e-002
  9.1000000e-002  1.3160630e-001  9.1000000e-002  6.0234409e-002
  9.2000000e-002  1.0863099e-001  9.2000000e-002  7.3451161e-002
  9.3000000e-002  8.1694348e-002  9.3000000e-002  8.7596293e-002
  9.4000000e-002  5.2186553e-002  9.4000000e-002  1.0200976e-001
  9.5000000e-002  2.3213265e-002  9.5000000e-002  1.1632665e-001
  9.6000000e-002  2.0706529e-002  9.6000000e-002  1.3032458e-001
  9.7000000e-002  4.8756534e-002  9.7000000e-002  1.4385457e-001
  9.8000000e-002  7.7785606e-002  9.8000000e-002  1.5680846e-001
  9.9000000e-002  1.0417847e-001  9.9000000e-002  1.6910280e-001
  1.0000000e-001  1.2657799e-001  1.0000000e-001  1.8067038e-001
  1.0100000e-001  1.4404045e-001  1.0100000e-001  1.9145557e-001
  1.0200000e-001  1.5589014e-001  1.0200000e-001  2.0141164e-001
  1.0300000e-001  1.6171745e-001  1.0300000e-001  2.1049915e-001
  1.0400000e-001  1.6140445e-001  1.0400000e-001  2.1868502e-001
  1.0500000e-001  1.5516658e-001  1.0500000e-001  2.2594191e-001
  1.0600000e-001  1.4362556e-001  1.0600000e-001  2.3224779e-001
  1.0700000e-001  1.2795845e-001  1.0700000e-001  2.3758572e-001
  1.0800000e-001  1.1022628e-001  1.0800000e-001  2.4194363e-001
  1.0900000e-001  9.4033088e-002  1.0900000e-001  2.4531423e-001
  1.1000000e-001  8.5128214e-002  1.1000000e-001  2.4769481e-001
  1.1100000e-001  8.9140445e-002  1.1100000e-001  2.4908722e-001
  1.1200000e-001  1.0587924e-001  1.1200000e-001  2.4949772e-001
  1.1300000e-001  1.3016621e-001  1.1300000e-001  2.4893686e-001
  1.1400000e-001  1.5708742e-001  1.1400000e-001  2.4741939e-001
  1.1500000e-001  1.8335762e-001  1.1500000e-001  2.4496414e-001
  1.1600000e-001  2.0678204e-001  1.1600000e-001  2.4159383e-001
  1.1700000e-001  2.2579754e-001  1.1700000e-001  2.3733497e-001
  1.1800000e-001  2.3925877e-001  1.1800000e-001  2.3221767e-001
  1.1900000e-001  2.4635120e-001  1.1900000e-001  2.2627546e-001
  1.2000000e-001  2.4655728e-001  1.2000000e-001  2.1954512e-001
  1.2100000e-001  2.3964243e-001  1.2100000e-001  2.1206644e-001
  1.2200000e-001  2.2564557e-001  1.2200000e-001  2.0388206e-001
  1.2300000e-001  2.0486760e-001  1.2300000e-001  1.9503725e-001
  1.2400000e-001  1.7785466e-001  1.2400000e-001  1.8557968e-001
  1.2500000e-001  1.4537514e-001  1.2500000e-001  1.7555922e-001
  1.2600000e-001  1.0839028e-001  1.2600000e-001  1.6502776e-001
  1.2700000e-001  6.8019051e-002  1.2700000e-001  1.5403904e-001
  1.2800000e-001  2.5498977e-002  1.2800000e-001  1.4264851e-001
  1.2900000e-001  1.7868879e-002  1.2900000e-001  1.3091332e-001
  1.3000000e-001  6.0728155e-002  1.3000000e-001  1.1889233e-001
  1.3100000e-001  1.0176875e-001  1.3100000e-001  1.0664654e-001
  1.3200000e-001  1.3972962e-001  1.3200000e-001  9.4239816e-002
  1.3300000e-001  1.7345629e-001  1.3300000e-001  8.1740653e-002
  1.3400000e-001  2.0193742e-001  1.3400000e-001  6.9226065e-002
  1.3500000e-001  2.2433775e-001  1.3500000e-001  5.6790638e-002
  1.3600000e-001  2.4002482e-001  1.3600000e-001  4.4570260e-002
  1.3700000e-001  2.4858855e-001  1.3700000e-001  3.2814840e-002
  1.3800000e-001  2.4985331e-001  1.3800000e-001  2.2163642e-002
  1.3900000e-001  2.4388216e-001  1.3900000e-001  1.4822575e-002
  1.4000000e-001  2.3097325e-001  1.4000000e-001  1.5728621e-002
  1.4100000e-001  2.1164901e-001  1.4100000e-001  2.3558064e-002
  1.4200000e-001  1.8663904e-001  1.4200000e-001  3.3455269e-002
  1.4300000e-001  1.5685905e-001  1.4300000e-001  4.3744172e-002
  1.4400000e-001  1.2339220e-001  1.4400000e-001  5.3929211e-002
  1.4500000e-001  8.7497640e-002  1.4500000e-001  6.3811386e-002
  1.4600000e-001  5.0809175e-002  1.4600000e-001  7.3285126e-002
  1.4700000e-001  1.8470324e-002  1.4700000e-001  8.2281994e-002
  1.4800000e-001  2.9953538e-002  1.4800000e-001  9.0751505e-002
  1.4900000e-001  6.2116572e-002  1.4900000e-001  9.8653474e-002
