  0.0000000e+000  3.5917234e-001
  1.0000000e+000  1.2738425e+000
  2.0000000e+000  2.1377286e+000
  3.0000000e+000  2.9163902e+000
  4.0000000e+000  3.5787845e+000
  5.0000000e+000  4.0985040e+000
  6.0000000e+000  4.4548291e+000
  7.0000000e+000  4.6335542e+000
  8.0000000e+000  4.6275541e+000
  9.0000000e+000  4.4370680e+000
  1.0000000e+001  4.0696900e+000
  1.1000000e+001  3.5400663e+000
  1.2000000e+001  2.8693114e+000
  1.3000000e+001  2.0841660e+000
  1.4000000e+001  1.2159316e+000
  1.5000000e+001  2.9922176e-001
  1.6000000e+001  6.2941708e-001
  1.7000000e+001  1.5329631e+000
  1.8000000e+001  2.3753946e+000
  1.9000000e+001  3.1231267e+000
  2.0000000e+001  3.7463496e+000
  2.1000000e+001  4.2202173e+000
  2.2000000e+001  4.5258383e+000
  2.3000000e+001  4.6510284e+000
  2.4000000e+001  4.5907967e+000
  2.5000000e+001  4.3475444e+000
  2.6000000e+001  3.9309692e+000
  2.7000000e+001  3.3576787e+000
  2.8000000e+001  2.6505281e+000
  2.9000000e+001  1.8377094e+000
  3.0000000e+001  9.5162694e-001
  3.1000000e+001  2.7606146e-002
  3.2000000e+001  8.9751522e-001
  3.3000000e+001  1.7868555e+000
  3.4000000e+001  2.6049595e+000
  3.5000000e+001  3.3192119e+000
  3.6000000e+001  3.9011379e+000
  3.7000000e+001  4.3275378e+000
  3.8000000e+001  4.5814124e+000
  3.9000000e+001  4.6526406e+000
  4.0000000e+001  4.5383827e+000
  4.1000000e+001  4.2431937e+000
  4.2000000e+001  3.7788421e+000
  4.3000000e+001  3.1638399e+000
  4.4000000e+001  2.4227054e+000
  4.5000000e+001  1.5849853e+000
  4.6000000e+001  6.8407684e-001
  4.7000000e+001  2.4410362e-001
  4.8000000e+001  1.1625524e+000
  4.9000000e+001  2.0346540e+000
  5.0000000e+001  2.8256402e+000
  5.1000000e+001  3.5039772e+000
  5.2000000e+001  4.0426216e+000
  5.3000000e+001  4.4200994e+000
  5.4000000e+001  4.6213619e+000
  5.5000000e+001  4.6383852e+000
  5.6000000e+001  4.4704907e+000
  5.7000000e+001  4.1243719e+000
  5.8000000e+001  3.6138274e+000
  5.9000000e+001  2.9592110e+000
  6.0000000e+001  2.1866202e+000
  6.1000000e+001  1.3268557e+000
  6.2000000e+001  4.1419372e-001
  6.3000000e+001  5.1498088e-001
  6.4000000e+001  1.4236248e+000
  6.5000000e+001  2.2755133e+000
  6.6000000e+001  3.0366843e+000
  6.7000000e+001  3.6767923e+000
  6.8000000e+001  4.1703181e+000
  6.9000000e+001  4.4975865e+000
  7.0000000e+001  4.6455504e+000
  7.1000000e+001  4.6083108e+000
  7.2000000e+001  4.3873524e+000
  7.3000000e+001  3.9914841e+000
  7.4000000e+001  3.4364879e+000
  7.5000000e+001  2.7444898e+000
  7.6000000e+001  1.9430776e+000
  7.7000000e+001  1.0642010e+000
  7.8000000e+001  1.4289802e-001
  7.9000000e+001  7.8410183e-001
  8.0000000e+001  1.6798420e+000
  8.1000000e+001  2.5086122e+000
  8.2000000e+001  3.2373719e+000
  8.3000000e+001  3.8370678e+000
  8.4000000e+001  4.2837920e+000
  8.5000000e+001  4.5597349e+000
  8.6000000e+001  4.6538955e+000
  8.7000000e+001  4.5625200e+000
  8.8000000e+001  4.2892512e+000
  8.9000000e+001  3.8449835e+000
  9.0000000e+001  3.2474285e+000
  9.1000000e+001  2.5204087e+000
  9.2000000e+001  1.6929082e+000
  9.3000000e+001  7.9791681e-001
  9.4000000e+001  1.2888503e-001
  9.5000000e+001  1.0505486e+000
  9.6000000e+001  1.9303302e+000
  9.7000000e+001  2.7331556e+000
  9.8000000e+001  3.4270186e+000
  9.9000000e+001  3.9842573e+000
  1.0000000e+002  4.3826562e+000
