  0.0000000e+000  1.0000000e+000  0.0000000e+000  9.9843551e-001
  1.0000000e-003  9.8954694e-001  1.0000000e-003  1.0000000e+000
  2.0000000e-003  9.6071584e-001  2.0000000e-003  9.9958921e-001
  3.0000000e-003  9.1430066e-001  3.0000000e-003  9.9720482e-001
  4.0000000e-003  8.5157141e-001  4.0000000e-003  9.9285461e-001
  5.0000000e-003  7.7423850e-001  5.0000000e-003  9.8655240e-001
  6.0000000e-003  6.8440604e-001  6.0000000e-003  9.7831801e-001
  7.0000000e-003  5.8451833e-001  7.0000000e-003  9.6817721e-001
  8.0000000e-003  4.7730823e-001  8.0000000e-003  9.5616159e-001
  9.0000000e-003  3.6577368e-001  9.0000000e-003  9.4230850e-001
  1.0000000e-002  2.5328979e-001  1.0000000e-002  9.2666090e-001
  1.1000000e-002  1.4456443e-001  1.1000000e-002  9.0926720e-001
  1.2000000e-002  5.7959265e-002  1.2000000e-002  8.9018113e-001
  1.3000000e-002  9.2107105e-002  1.3000000e-002  8.6946156e-001
  1.4000000e-002  1.7695171e-001  1.4000000e-002  8.4717224e-001
  1.5000000e-002  2.5619714e-001  1.5000000e-002  8.2338168e-001
  1.6000000e-002  3.2366761e-001  1.6000000e-002  7.9816285e-001
  1.7000000e-002  3.7716797e-001  1.7000000e-002  7.7159298e-001
  1.8000000e-002  4.1551013e-001  1.8000000e-002  7.4375328e-001
  1.9000000e-002  4.3812454e-001  1.9000000e-002  7.1472870e-001
  2.0000000e-002  4.4496916e-001  2.0000000e-002  6.8460764e-001
  2.1000000e-002  4.3649034e-001  2.1000000e-002  6.5348167e-001
  2.2000000e-002  4.1358941e-001  2.2000000e-002  6.2144524e-001
  2.3000000e-002  3.7758406e-001  2.3000000e-002  5.8859540e-001
  2.4000000e-002  3.3016330e-001  2.4000000e-002  5.5503152e-001
  2.5000000e-002  2.7334131e-001  2.5000000e-002  5.2085500e-001
  2.6000000e-002  2.0942944e-001  2.6000000e-002  4.8616901e-001
  2.7000000e-002  1.4111968e-001  2.7000000e-002  4.5107826e-001
  2.8000000e-002  7.2469925e-002  2.8000000e-002  4.1568884e-001
  2.9000000e-002  3.0176992e-002  2.9000000e-002  3.8010810e-001
  3.0000000e-002  8.0859246e-002  3.0000000e-002  3.4444472e-001
  3.1000000e-002  1.4322906e-001  3.1000000e-002  3.0880901e-001
  3.2000000e-002  2.0057841e-001  3.2000000e-002  2.7331376e-001
  3.3000000e-002  2.4996961e-001  3.3000000e-002  2.3807596e-001
  3.4000000e-002  2.8968955e-001  3.4000000e-002  2.0322062e-001
  3.5000000e-002  3.1855799e-001  3.5000000e-002  1.6888927e-001
  3.6000000e-002  3.3583407e-001  3.6000000e-002  1.3526084e-001
  3.7000000e-002  3.4119926e-001  3.7000000e-002  1.0261054e-001
  3.8000000e-002  3.3474877e-001  3.8000000e-002  7.1514752e-002
  3.9000000e-002  3.1697733e-001  3.9000000e-002  4.3820853e-002
  4.0000000e-002  2.8875713e-001  4.0000000e-002  2.8201836e-002
  4.1000000e-002  2.5131044e-001  4.1000000e-002  3.9635791e-002
  4.2000000e-002  2.0618700e-001  4.2000000e-002  6.3749255e-002
  4.3000000e-002  1.5528472e-001  4.3000000e-002  8.9883760e-002
  4.4000000e-002  1.0111564e-001  4.4000000e-002  1.1581073e-001
  4.5000000e-002  4.9288595e-002  4.5000000e-002  1.4089940e-001
  4.6000000e-002  3.7991235e-002  4.6000000e-002  1.6488458e-001
  4.7000000e-002  8.3964022e-002  4.7000000e-002  1.8761885e-001
  4.8000000e-002  1.3477316e-001  4.8000000e-002  2.0900381e-001
  4.9000000e-002  1.8167338e-001  4.9000000e-002  2.2896619e-001
  5.0000000e-002  2.2217290e-001  5.0000000e-002  2.4744807e-001
  5.1000000e-002  2.5473951e-001  5.1000000e-002  2.6440247e-001
  5.2000000e-002  2.7830010e-001  5.2000000e-002  2.7979114e-001
  5.3000000e-002  2.9215950e-001  5.3000000e-002  2.9358342e-001
  5.4000000e-002  2.9598541e-001  5.4000000e-002  3.0575557e-001
  5.5000000e-002  2.8980226e-001  5.5000000e-002  3.1629040e-001
  5.6000000e-002  2.7398088e-001  5.6000000e-002  3.2517702e-001
  5.7000000e-002  2.4922117e-001  5.7000000e-002  3.3241063e-001
  5.8000000e-002  2.1652928e-001  5.8000000e-002  3.3799247e-001
  5.9000000e-002  1.7719734e-001  5.9000000e-002  3.4192965e-001
  6.0000000e-002  1.3281570e-001  6.0000000e-002  3.4423503e-001
  6.1000000e-002  8.5482285e-002  6.1000000e-002  3.4492716e-001
  6.2000000e-002  3.9940736e-002  6.2000000e-002  3.4403014e-001
  6.3000000e-002  3.2435538e-002  6.3000000e-002  3.4157348e-001
  6.4000000e-002  7.4339722e-002  6.4000000e-002  3.3759200e-001
  6.5000000e-002  1.1920490e-001  6.5000000e-002  3.3212566e-001
  6.6000000e-002  1.6051277e-001  6.6000000e-002  3.2521940e-001
  6.7000000e-002  1.9625571e-001  6.7000000e-002  3.1692303e-001
  6.8000000e-002  2.2514034e-001  6.8000000e-002  3.0729104e-001
  6.9000000e-002  2.4624536e-001  6.9000000e-002  2.9638243e-001
  7.0000000e-002  2.5897024e-001  7.0000000e-002  2.8426059e-001
  7.1000000e-002  2.6302824e-001  7.1000000e-002  2.7099319e-001
  7.2000000e-002  2.5844343e-001  7.2000000e-002  2.5665206e-001
  7.3000000e-002  2.4554252e-001  7.3000000e-002  2.4131324e-001
  7.4000000e-002  2.2493926e-001  7.4000000e-002  2.2505707e-001
  7.5000000e-002  1.9751216e-001  7.5000000e-002  2.0796856e-001
  7.6000000e-002  1.6437932e-001  7.6000000e-002  1.9013812e-001
  7.7000000e-002  1.2688308e-001  7.7000000e-002  1.7166305e-001
  7.8000000e-002  8.6642929e-002  7.8000000e-002  1.5265040e-001
  7.9000000e-002  4.6136861e-002  7.9000000e-002  1.3322270e-001
  8.0000000e-002  1.9237317e-002  8.0000000e-002  1.1353008e-001
  8.1000000e-002  4.6076164e-002  8.1000000e-002  9.3778056e-002
  8.2000000e-002  8.2470314e-002  8.2000000e-002  7.4298470e-002
  8.3000000e-002  1.1594180e-001  8.3000000e-002  5.5757356e-002
  8.4000000e-002  1.4442039e-001  8.4000000e-002  3.9842939e-002
  8.5000000e-002  1.6675221e-001  8.5000000e-002  3.1118155e-002
  8.6000000e-002  1.8214914e-001  8.6000000e-002  3.5340551e-002
  8.7000000e-002  1.9011771e-001  8.7000000e-002  4.9112875e-002
  8.8000000e-002  1.9044853e-001  8.8000000e-002  6.6530310e-002
  8.9000000e-002  1.8321320e-001  8.9000000e-002  8.5127343e-002
  9.0000000e-002  1.6875803e-001  9.0000000e-002  1.0399858e-001
  9.1000000e-002  1.4769425e-001  9.1000000e-002  1.2273696e-001
  9.2000000e-002  1.2089153e-001  9.2000000e-002  1.4111451e-001
  9.3000000e-002  8.9506887e-002  9.3000000e-002  1.5897900e-001
  9.4000000e-002  5.5249596e-002  9.4000000e-002  1.7621522e-001
  9.5000000e-002  2.3584716e-002  9.5000000e-002  1.9272876e-001
  9.6000000e-002  3.1533648e-002  9.6000000e-002  2.0843837e-001
  9.7000000e-002  6.6524890e-002  9.7000000e-002  2.2327224e-001
  9.8000000e-002  1.0240742e-001  9.8000000e-002  2.3716598e-001
  9.9000000e-002  1.3581749e-001  9.9000000e-002  2.5006160e-001
  1.0000000e-001  1.6522907e-001  1.0000000e-001  2.6190686e-001
  1.0100000e-001  1.8951648e-001  1.0100000e-001  2.7265500e-001
  1.0200000e-001  2.0780712e-001  1.0200000e-001  2.8226455e-001
  1.0300000e-001  2.1946762e-001  1.0300000e-001  2.9069922e-001
  1.0400000e-001  2.2411052e-001  1.0400000e-001  2.9792792e-001
  1.0500000e-001  2.2160058e-001  1.0500000e-001  3.0392467e-001
  1.0600000e-001  2.1205538e-001  1.0600000e-001  3.0866865e-001
  1.0700000e-001  1.9583844e-001  1.0700000e-001  3.1214421e-001
  1.0800000e-001  1.7354498e-001  1.0800000e-001  3.1434079e-001
  1.0900000e-001  1.4598098e-001  1.0900000e-001  3.1525301e-001
  1.1000000e-001  1.1413858e-001  1.1000000e-001  3.1488057e-001
  1.1100000e-001  7.9178815e-002  1.1100000e-001  3.1322824e-001
  1.1200000e-001  4.2504121e-002  1.1200000e-001  3.1030584e-001
  1.1300000e-001  9.1322678e-003  1.1300000e-001  3.0612812e-001
  1.1400000e-001  3.4110883e-002  1.1400000e-001  3.0071479e-001
  1.1500000e-001  6.8779691e-002  1.1500000e-001  2.9409034e-001
  1.1600000e-001  1.0069388e-001  1.1600000e-001  2.8628404e-001
  1.1700000e-001  1.2849181e-001  1.1700000e-001  2.7732981e-001
  1.1800000e-001  1.5118136e-001  1.1800000e-001  2.6726616e-001
  1.1900000e-001  1.6798480e-001  1.1900000e-001  2.5613611e-001
  1.2000000e-001  1.7833856e-001  1.2000000e-001  2.4398719e-001
  1.2100000e-001  1.8190454e-001  1.2100000e-001  2.3087138e-001
  1.2200000e-001  1.7857789e-001  1.2200000e-001  2.1684530e-001
  1.2300000e-001  1.6848793e-001  1.2300000e-001  2.0197040e-001
  1.2400000e-001  1.5199168e-001  1.2400000e-001  1.8631352e-001
  1.2500000e-001  1.2966007e-001  1.2500000e-001  1.6994790e-001
  1.2600000e-001  1.0225806e-001  1.2600000e-001  1.5295508e-001
  1.2700000e-001  7.0722733e-002  1.2700000e-001  1.3542870e-001
  1.2800000e-001  3.6170770e-002  1.2800000e-001  1.1748199e-001
  1.2900000e-001  4.2378451e-003  1.2900000e-001  9.9264245e-002
  1.3000000e-001  3.8280391e-002  1.3000000e-001  8.0999887e-002
  1.3100000e-001  7.5057727e-002  1.3100000e-001  6.3093631e-002
  1.3200000e-001  1.1025310e-001  1.3200000e-001  4.6455777e-002
  1.3300000e-001  1.4269578e-001  1.3300000e-001  3.3568770e-002
  1.3400000e-001  1.7136859e-001  1.3400000e-001  3.0149361e-002
  1.3500000e-001  1.9540536e-001  1.3500000e-001  3.8914508e-002
  1.3600000e-001  2.1411533e-001  1.3600000e-001  5.4226123e-002
  1.3700000e-001  2.2700640e-001  1.3700000e-001  7.1921546e-002
  1.3800000e-001  2.3380352e-001  1.3800000e-001  9.0467683e-002
  1.3900000e-001  2.3446214e-001  1.3900000e-001  1.0925824e-001
  1.4000000e-001  2.2917736e-001  1.4000000e-001  1.2799398e-001
  1.4100000e-001  2.1839125e-001  1.4100000e-001  1.4649358e-001
  1.4200000e-001  2.0280312e-001  1.4200000e-001  1.6462834e-001
  1.4300000e-001  1.8339195e-001  1.4300000e-001  1.8229641e-001
  1.4400000e-001  1.6146839e-001  1.4400000e-001  1.9941140e-001
  1.4500000e-001  1.3878533e-001  1.4500000e-001  2.1589697e-001
  1.4600000e-001  1.1772997e-001  1.4600000e-001  2.3168405e-001
  1.4700000e-001  1.0147573e-001  1.4700000e-001  2.4670940e-001
  1.4800000e-001  9.3411379e-002  1.4800000e-001  2.6091481e-001
  1.4900000e-001  9.4966970e-002  1.4900000e-001  2.7424672e-001
