  0.0000000e+000  1.7072039e-001
  1.0000000e+000  5.4603440e-002
  2.0000000e+000  7.9637112e-002
  3.0000000e+000  2.2664952e-001
  4.0000000e+000  3.8057287e-001
  5.0000000e+000  5.3527071e-001
  6.0000000e+000  6.8457574e-001
  7.0000000e+000  8.2253563e-001
  8.0000000e+000  9.4365036e-001
  9.0000000e+000  1.0430915e+000
  1.0000000e+001  1.1168945e+000
  1.1000000e+001  1.1621173e+000
  1.2000000e+001  1.1769568e+000
  1.3000000e+001  1.1608216e+000
  1.4000000e+001  1.1143547e+000
  1.5000000e+001  1.0394088e+000
  1.6000000e+001  9.3897173e-001
  1.7000000e+001  8.1704751e-001
  1.8000000e+001  6.7849693e-001
  1.9000000e+001  5.2884356e-001
  2.0000000e+001  3.7405359e-001
  2.1000000e+001  2.2029803e-001
  2.2000000e+001  7.3706625e-002
  2.3000000e+001  5.9876498e-002
  2.4000000e+001  1.7512580e-001
  2.5000000e+001  2.6744664e-001
  2.6000000e+001  3.3315850e-001
  2.7000000e+001  3.6964164e-001
  2.8000000e+001  3.7544160e-001
  2.9000000e+001  3.5032714e-001
  3.0000000e+001  2.9529952e-001
  3.1000000e+001  2.1255249e-001
  3.2000000e+001  1.0538493e-001
  3.3000000e+001  2.1930733e-002
  3.4000000e+001  1.6431882e-001
  3.5000000e+001  3.1610278e-001
  3.6000000e+001  4.7123145e-001
  3.7000000e+001  6.2352035e-001
  3.8000000e+001  7.6689820e-001
  3.9000000e+001  8.9564898e-001
  4.0000000e+001  1.0046398e+000
  4.1000000e+001  1.0895255e+000
  4.2000000e+001  1.1469221e+000
  4.3000000e+001  1.1745412e+000
  4.4000000e+001  1.1712817e+000
  4.5000000e+001  1.1372738e+000
  4.6000000e+001  1.0738730e+000
  4.7000000e+001  9.8360706e-001
  4.8000000e+001  8.7007454e-001
  4.9000000e+001  7.3780163e-001
  5.0000000e+001  5.9206164e-001
  5.1000000e+001  4.3866476e-001
  5.2000000e+001  2.8372643e-001
  5.3000000e+001  1.3342356e-001
  5.4000000e+001  6.2517426e-003
  5.5000000e+001  1.2973107e-001
  5.6000000e+001  2.3209170e-001
  5.7000000e+001  3.0925282e-001
  5.8000000e+001  3.5813827e-001
  5.9000000e+001  3.7679914e-001
  6.0000000e+001  3.6449148e-001
  6.1000000e+001  3.2170596e-001
  6.2000000e+001  2.5014830e-001
  6.3000000e+001  1.5267127e-001
  6.4000000e+001  3.3160992e-002
  6.5000000e+001  1.0361805e-001
  6.6000000e+001  2.5221291e-001
  6.7000000e+001  4.0669957e-001
  6.8000000e+001  5.6091914e-001
  6.9000000e+001  7.0872338e-001
  7.0000000e+001  8.4421978e-001
  7.1000000e+001  9.6200655e-001
  7.2000000e+001  1.0573879e+000
  7.3000000e+001  1.1265612e+000
  7.4000000e+001  1.1667689e+000
  7.5000000e+001  1.1764079e+000
  7.6000000e+001  1.1550940e+000
  7.7000000e+001  1.1036768e+000
  7.8000000e+001  1.0242063e+000
  7.9000000e+001  9.1985063e-001
  8.0000000e+001  7.9477017e-001
  8.1000000e+001  6.5395147e-001
  8.2000000e+001  5.0300852e-001
  8.3000000e+001  3.4795895e-001
  8.4000000e+001  1.9498409e-001
  8.5000000e+001  5.0182571e-002
  8.6000000e+001  8.0672833e-002
  8.7000000e+001  1.9236533e-001
  8.8000000e+001  2.8044209e-001
  8.9000000e+001  3.4139177e-001
  9.0000000e+001  3.7278449e-001
  9.1000000e+001  3.7336875e-001
  9.2000000e+001  3.4312122e-001
  9.3000000e+001  2.8324780e-001
  9.4000000e+001  1.9613545e-001
  9.5000000e+001  8.5257060e-002
  9.6000000e+001  4.4967000e-002
  9.7000000e+001  1.8934511e-001
  9.8000000e+001  3.4212136e-001
  9.9000000e+001  4.9720505e-001
  1.0000000e+002  6.4841348e-001
