  0.0000000e+000  3.0000000e-002
  5.0000000e-002  8.4000000e-002
  1.0000000e-001  1.4200000e-001
  1.5000000e-001  2.0800000e-001
  2.0000000e-001  3.3200000e-001
  2.5000000e-001  4.3000000e-001
  3.0000000e-001  5.2400000e-001
  3.5000000e-001  8.4600000e-001
  4.0000000e-001  1.0440000e+000
  4.5000000e-001  8.3600000e-001
  5.0000000e-001  7.4600000e-001
  5.5000000e-001  7.6000000e-001
  6.0000000e-001  6.6000000e-001
  6.5000000e-001  6.1800000e-001
  7.0000000e-001  6.5400000e-001
  7.5000000e-001  5.8200000e-001
  8.0000000e-001  5.8800000e-001
  8.5000000e-001  5.4400000e-001
  9.0000000e-001  5.7200000e-001
  9.5000000e-001  6.1000000e-001
  1.0000000e+000  5.4000000e-001
  1.0500000e+000  6.5000000e-001
  1.1000000e+000  6.8000000e-001
  1.1500000e+000  7.8800000e-001
  1.2000000e+000  5.8600000e-001
  1.2500000e+000  5.5800000e-001
  1.3000000e+000  5.7800000e-001
  1.3500000e+000  5.2600000e-001
  1.4000000e+000  4.8400000e-001
  1.4500000e+000  4.9800000e-001
  1.5000000e+000  5.3200000e-001
  1.5500000e+000  4.2000000e-001
  1.6000000e+000  4.2800000e-001
  1.6500000e+000  3.4000000e-001
  1.7000000e+000  2.4200000e-001
  1.7500000e+000  2.2600000e-001
  1.8000000e+000  2.2200000e-001
  1.8500000e+000  2.0000000e-001
  1.9000000e+000  2.1000000e-001
  1.9500000e+000  2.3600000e-001
  2.0000000e+000  2.1000000e-001
  2.0500000e+000  3.6000000e-002
  2.1000000e+000  0.0000000e+000
  2.1500000e+000  0.0000000e+000
  2.2000000e+000  0.0000000e+000
  2.2500000e+000  0.0000000e+000
  2.3000000e+000  0.0000000e+000
  2.3500000e+000  0.0000000e+000
