  0.0000000e+000  0.0000000e+000
  5.0000000e-002  0.0000000e+000
  1.0000000e-001  0.0000000e+000
  1.5000000e-001  0.0000000e+000
  2.0000000e-001  6.6800000e-001
  2.5000000e-001  7.7600000e-001
  3.0000000e-001  5.5400000e-001
  3.5000000e-001  5.3600000e-001
  4.0000000e-001  4.2800000e-001
  4.5000000e-001  4.9600000e-001
  5.0000000e-001  4.5000000e-001
  5.5000000e-001  1.8320000e+000
  6.0000000e-001  1.7240000e+000
  6.5000000e-001  1.5140000e+000
  7.0000000e-001  1.5600000e+000
  7.5000000e-001  1.9000000e+000
  8.0000000e-001  2.7820000e+000
  8.5000000e-001  7.2800000e-001
  9.0000000e-001  9.1600000e-001
  9.5000000e-001  1.2520000e+000
  1.0000000e+000  1.8840000e+000
  1.0500000e+000  0.0000000e+000
  1.1000000e+000  0.0000000e+000
  1.1500000e+000  0.0000000e+000
