  0.0000000e+000  8.4333221e-003
  1.0000000e+000  1.9858441e-001
  2.0000000e+000  3.7284519e-001
  3.0000000e+000  5.2426844e-001
  4.0000000e+000  6.4681739e-001
  5.0000000e+000  7.3560641e-001
  6.0000000e+000  7.8709575e-001
  7.0000000e+000  7.9923270e-001
  8.0000000e+000  7.7153339e-001
  9.0000000e+000  7.0510212e-001
  1.0000000e+001  6.0258728e-001
  1.1000000e+001  4.6807581e-001
  1.2000000e+001  3.0693028e-001
  1.3000000e+001  1.2557503e-001
  1.4000000e+001  6.8759868e-002
  1.5000000e+001  2.6832689e-001
  1.6000000e+001  4.6516994e-001
  1.7000000e+001  6.5144150e-001
  1.8000000e+001  8.1971552e-001
  1.9000000e+001  9.6328343e-001
  2.0000000e+001  1.0764216e+000
  2.1000000e+001  1.1546197e+000
  2.2000000e+001  1.1947600e+000
  2.3000000e+001  1.1952425e+000
  2.4000000e+001  1.1560477e+000
  2.5000000e+001  1.0787384e+000
  2.6000000e+001  9.6639648e-001
  2.7000000e+001  8.2350079e-001
  2.8000000e+001  6.5574809e-001
  2.9000000e+001  4.6982615e-001
  3.0000000e+001  2.7314710e-001
  3.1000000e+001  7.3551895e-002
  3.2000000e+001  1.2100222e-001
  3.3000000e+001  3.0275899e-001
  3.4000000e+001  4.6447234e-001
  3.5000000e+001  5.9969528e-001
  3.6000000e+001  7.0303689e-001
  3.7000000e+001  7.7037727e-001
  3.8000000e+001  7.9903177e-001
  3.9000000e+001  7.8785803e-001
  4.0000000e+001  7.3730150e-001
  4.1000000e+001  6.4937772e-001
  4.2000000e+001  5.2759193e-001
  4.3000000e+001  3.7679935e-001
  4.4000000e+001  2.0301160e-001
  4.5000000e+001  1.3157046e-002
  4.6000000e+001  1.8519541e-001
  4.7000000e+001  3.8413807e-001
  4.8000000e+001  5.7573973e-001
  4.9000000e+001  7.5236183e-001
  5.0000000e+001  9.0696301e-001
  5.1000000e+001  1.0333798e+000
  5.2000000e+001  1.1265724e+000
  5.3000000e+001  1.1828254e+000
  5.4000000e+001  1.1998963e+000
  5.5000000e+001  1.1771045e+000
  5.6000000e+001  1.1153587e+000
  5.7000000e+001  1.0171203e+000
  5.8000000e+001  8.8630597e-001
  5.9000000e+001  7.2813077e-001
  6.0000000e+001  5.4890066e-001
  6.1000000e+001  3.5576098e-001
  6.2000000e+001  1.5641160e-001
  6.3000000e+001  4.1200041e-002
  6.4000000e+001  2.2919580e-001
  6.5000000e+001  4.0008088e-001
  6.6000000e+001  5.4704263e-001
  6.7000000e+001  6.6422214e-001
  6.8000000e+001  7.4694785e-001
  6.9000000e+001  7.9192173e-001
  7.0000000e+001  7.9735082e-001
  7.1000000e+001  7.6301869e-001
  7.2000000e+001  6.9029403e-001
  7.3000000e+001  5.8207617e-001
  7.4000000e+001  4.4267939e-001
  7.5000000e+001  2.7766102e-001
  7.6000000e+001  9.3599808e-002
  7.7000000e+001  1.0216630e-001
  7.8000000e+001  3.0183273e-001
  7.9000000e+001  4.9743941e-001
  8.0000000e+001  6.8118812e-001
  8.1000000e+001  8.4575338e-001
  8.2000000e+001  9.8457449e-001
  8.3000000e+001  1.0921171e+000
  8.4000000e+001  1.1640938e+000
  8.5000000e+001  1.1976351e+000
  8.6000000e+001  1.1914039e+000
  8.7000000e+001  1.1456485e+000
  8.8000000e+001  1.0621931e+000
  8.9000000e+001  9.4436479e-001
  9.0000000e+001  7.9686099e-001
  9.1000000e+001  6.2556223e-001
  9.2000000e+001  4.3729765e-001
  9.3000000e+001  2.3957276e-001
  9.4000000e+001  4.0270228e-002
  9.5000000e+001  1.5266438e-001
  9.6000000e+001  3.3153938e-001
  9.7000000e+001  4.8922357e-001
  9.8000000e+001  6.1943060e-001
  9.9000000e+001  7.1696952e-001
  1.0000000e+002  7.7795175e-001
