  0.0000000e+000  7.2796702e-001  0.0000000e+000  1.2380794e+000
  1.0000000e-003  6.3246326e-001  1.0000000e-003  1.2116949e+000
  2.0000000e-003  5.2161777e-001  2.0000000e-003  1.1623248e+000
  3.0000000e-003  3.9996232e-001  3.0000000e-003  1.0902851e+000
  4.0000000e-003  2.7242488e-001  4.0000000e-003  9.9644796e-001
  5.0000000e-003  1.4415876e-001  5.0000000e-003  8.8223681e-001
  6.0000000e-003  2.0364018e-002  6.0000000e-003  7.4960615e-001
  7.0000000e-003 -9.3892762e-002  7.0000000e-003  6.0100630e-001
  8.0000000e-003 -1.9385408e-001  8.0000000e-003  4.3933362e-001
  9.0000000e-003 -2.7523668e-001  9.0000000e-003  2.6786713e-001
  1.0000000e-002 -3.3438056e-001  1.0000000e-002  9.0193083e-002
  1.1000000e-002 -3.6837682e-001  1.1000000e-002 -8.9880876e-002
  1.2000000e-002 -3.7517010e-001  1.2000000e-002 -2.6841966e-001
  1.3000000e-002 -3.5363203e-001  1.3000000e-002 -4.4146042e-001
  1.4000000e-002 -3.0360348e-001  1.4000000e-002 -6.0511522e-001
  1.5000000e-002 -2.2590394e-001  1.5000000e-002 -7.5567388e-001
  1.6000000e-002 -1.2230810e-001  1.6000000e-002 -8.8970416e-001
  1.7000000e-002  4.5098094e-003  1.7000000e-002 -1.0041462e+000
  1.8000000e-002  1.5106177e-001  1.8000000e-002 -1.0963984e+000
  1.9000000e-002  3.1315903e-001  1.9000000e-002 -1.1643929e+000
  2.0000000e-002  4.8604845e-001  2.0000000e-002 -1.2066565e+000
  2.1000000e-002  6.6456765e-001  2.1000000e-002 -1.2223576e+000
  2.2000000e-002  8.4331360e-001  2.2000000e-002 -1.2113348e+000
  2.3000000e-002  1.0168191e+000  2.3000000e-002 -1.1741086e+000
  2.4000000e-002  1.1797310e+000  2.4000000e-002 -1.1118734e+000
  2.5000000e-002  1.3269846e+000  2.5000000e-002 -1.0264716e+000
  2.6000000e-002  1.4539680e+000  2.6000000e-002 -9.2034883e-001
  2.7000000e-002  1.5566712e+000  2.7000000e-002 -7.9649211e-001
  2.8000000e-002  1.6318152e+000  2.8000000e-002 -6.5835219e-001
  2.9000000e-002  1.6769564e+000  2.9000000e-002 -5.0975223e-001
  3.0000000e-002  1.6905636e+000  3.0000000e-002 -3.5478524e-001
  3.1000000e-002  1.6720645e+000  3.1000000e-002 -1.9770290e-001
  3.2000000e-002  1.6218612e+000  3.2000000e-002 -4.2799101e-002
  3.3000000e-002  1.5413132e+000  3.3000000e-002  1.0570868e-001
  3.4000000e-002  1.4326899e+000  3.4000000e-002  2.4379673e-001
  3.5000000e-002  1.2990933e+000  3.5000000e-002  3.6774782e-001
  3.6000000e-002  1.1443542e+000  3.6000000e-002  4.7425602e-001
  3.7000000e-002  9.7290597e-001  3.7000000e-002  5.6052050e-001
  3.8000000e-002  7.8963871e-001  3.8000000e-002  6.2432568e-001
  3.9000000e-002  5.9974056e-001  3.9000000e-002  6.6410508e-001
  4.0000000e-002  4.0853033e-001  4.0000000e-002  6.7898725e-001
  4.1000000e-002  2.2128745e-001  4.1000000e-002  6.6882200e-001
  4.2000000e-002  4.3084905e-002  4.2000000e-002  6.3418644e-001
  4.3000000e-002 -1.2136950e-001  4.3000000e-002  5.7637023e-001
  4.4000000e-002 -2.6787822e-001  4.4000000e-002  4.9734055e-001
  4.5000000e-002 -3.9288079e-001  4.5000000e-002  3.9968773e-001
  4.6000000e-002 -4.9355844e-001  4.6000000e-002  2.8655287e-001
  4.7000000e-002 -5.6791314e-001  4.7000000e-002  1.6153972e-001
  4.8000000e-002 -6.1481876e-001  4.8000000e-002  2.8613088e-002
  4.9000000e-002 -6.3404302e-001  4.9000000e-002 -1.0801312e-001
  5.0000000e-002 -6.2623974e-001  5.0000000e-002 -2.4399521e-001
  5.1000000e-002 -5.9291193e-001  5.1000000e-002 -3.7498279e-001
  5.2000000e-002 -5.3634749e-001  5.2000000e-002 -4.9674210e-001
  5.3000000e-002 -4.5952969e-001  5.3000000e-002 -6.0527619e-001
  5.4000000e-002 -3.6602587e-001  5.4000000e-002 -6.9693819e-001
  5.5000000e-002 -2.5985839e-001  5.5000000e-002 -7.6853476e-001
  5.6000000e-002 -1.4536211e-001  5.6000000e-002 -8.1741644e-001
  5.7000000e-002 -2.7033583e-002  5.7000000e-002 -8.4155252e-001
  5.8000000e-002  9.0623118e-002  5.8000000e-002 -8.3958828e-001
  5.9000000e-002  2.0324858e-001  5.9000000e-002 -8.1088292e-001
  6.0000000e-002  3.0677326e-001  6.0000000e-002 -7.5552724e-001
  6.1000000e-002  3.9755101e-001  6.1000000e-002 -6.7434064e-001
  6.2000000e-002  4.7247636e-001  6.2000000e-002 -5.6884761e-001
  6.3000000e-002  5.2908216e-001  6.3000000e-002 -4.4123449e-001
  6.4000000e-002  5.6561427e-001  6.4000000e-002 -2.9428787e-001
  6.5000000e-002  5.8108126e-001  6.5000000e-002 -1.3131662e-001
  6.6000000e-002  5.7527768e-001  6.6000000e-002  4.3940274e-002
  6.7000000e-002  5.4878049e-001  6.7000000e-002  2.2741706e-001
  6.8000000e-002  5.0291913e-001  6.8000000e-002  4.1483288e-001
  6.9000000e-002  4.3972051e-001  6.9000000e-002  6.0180829e-001
  7.0000000e-002  3.6183116e-001  7.0000000e-002  7.8398333e-001
  7.1000000e-002  2.7241935e-001  7.1000000e-002  9.5713368e-001
  7.2000000e-002  1.7506084e-001  7.2000000e-002  1.1172815e+000
  7.3000000e-002  7.3612161e-002  7.3000000e-002  1.2607979e+000
  7.4000000e-002 -2.7924051e-002  7.4000000e-002  1.3844943e+000
  7.5000000e-002 -1.2553713e-001  7.5000000e-002  1.4856998e+000
  7.6000000e-002 -2.1534519e-001  7.6000000e-002  1.5623231e+000
  7.7000000e-002 -2.9372610e-001  7.7000000e-002  1.6128966e+000
  7.8000000e-002 -3.5743834e-001  7.8000000e-002  1.6366031e+000
  7.9000000e-002 -4.0372790e-001  7.9000000e-002  1.6332826e+000
  8.0000000e-002 -4.3041769e-001  8.0000000e-002  1.6034213e+000
  8.1000000e-002 -4.3597698e-001  8.1000000e-002  1.5481226e+000
  8.2000000e-002 -4.1956863e-001  8.2000000e-002  1.4690613e+000
  8.3000000e-002 -3.8107291e-001  8.3000000e-002  1.3684225e+000
  8.4000000e-002 -3.2108761e-001  8.4000000e-002  1.2488284e+000
  8.5000000e-002 -2.4090450e-001  8.5000000e-002  1.1132542e+000
  8.6000000e-002 -1.4246359e-001  8.6000000e-002  9.6493660e-001
  8.7000000e-002 -2.8286774e-002  8.7000000e-002  8.0727777e-001
  8.8000000e-002  9.8606444e-002  8.8000000e-002  6.4374746e-001
  8.9000000e-002  2.3479820e-001  8.9000000e-002  4.7778677e-001
  9.0000000e-002  3.7658291e-001  9.0000000e-002  3.1271608e-001
  9.1000000e-002  5.2008559e-001  9.1000000e-002  1.5164995e-001
  9.2000000e-002  6.6138371e-001  9.2000000e-002 -2.5785162e-003
  9.3000000e-002  7.9662864e-001  9.3000000e-002 -1.4748182e-001
  9.4000000e-002  9.2216274e-001  9.4000000e-002 -2.8096916e-001
  9.5000000e-002  1.0346283e+000  9.5000000e-002 -4.0138316e-001
  9.6000000e-002  1.1310650e+000  9.6000000e-002 -5.0752158e-001
  9.7000000e-002  1.2089929e+000  9.7000000e-002 -5.9864383e-001
  9.8000000e-002  1.2664789e+000  9.8000000e-002 -6.7446261e-001
  9.9000000e-002  1.3021842e+000  9.9000000e-002 -7.3512133e-001
  1.0000000e-001  1.3153922e+000  1.0000000e-001 -7.8115873e-001
  1.0100000e-001  1.3060169e+000  1.0100000e-001 -8.1346218e-001
  1.0200000e-001  1.2745903e+000  1.0200000e-001 -8.3321168e-001
  1.0300000e-001  1.2222317e+000  1.0300000e-001 -8.4181683e-001
  1.0400000e-001  1.1505993e+000  1.0400000e-001 -8.4084901e-001
  1.0500000e-001  1.0618265e+000  1.0500000e-001 -8.3197155e-001
  1.0600000e-001  9.5844480e-001  1.0600000e-001 -8.1687018e-001
  1.0700000e-001  8.4329725e-001  1.0700000e-001 -7.9718624e-001
  1.0800000e-001  7.1944485e-001  1.0800000e-001 -7.7445516e-001
  1.0900000e-001  5.9006916e-001  1.0900000e-001 -7.5005192e-001
  1.1000000e-001  4.5837464e-001  1.1000000e-001 -7.2514557e-001
  1.1100000e-001  3.2749388e-001  1.1100000e-001 -7.0066406e-001
  1.1200000e-001  2.0039866e-001  1.1200000e-001 -6.7727038e-001
  1.1300000e-001  7.9819542e-002  1.1300000e-001 -6.5535068e-001
  1.1400000e-001 -3.1823620e-002  1.1400000e-001 -6.3501451e-001
  1.1500000e-001 -1.3247841e-001  1.1500000e-001 -6.1610674e-001
  1.1600000e-001 -2.2050245e-001  1.1600000e-001 -5.9823065e-001
  1.1700000e-001 -2.9469098e-001  1.1700000e-001 -5.8078089e-001
  1.1800000e-001 -3.5428920e-001  1.1800000e-001 -5.6298506e-001
  1.1900000e-001 -3.9898951e-001  1.1900000e-001 -5.4395188e-001
  1.2000000e-001 -4.2891447e-001  1.2000000e-001 -5.2272424e-001
  1.2100000e-001 -4.4458669e-001  1.2100000e-001 -4.9833479e-001
  1.2200000e-001 -4.4688719e-001  1.2200000e-001 -4.6986205e-001
  1.2300000e-001 -4.3700435e-001  1.2300000e-001 -4.3648459e-001
  1.2400000e-001 -4.1637549e-001  1.2400000e-001 -3.9753138e-001
  1.2500000e-001 -3.8662354e-001  1.2500000e-001 -3.5252621e-001
  1.2600000e-001 -3.4949130e-001  1.2600000e-001 -3.0122438e-001
  1.2700000e-001 -3.0677559e-001  1.2700000e-001 -2.4364042e-001
  1.2800000e-001 -2.6026374e-001  1.2800000e-001 -1.8006537e-001
  1.2900000e-001 -2.1167441e-001  1.2900000e-001 -1.1107328e-001
  1.3000000e-001 -1.6260483e-001  1.3000000e-001 -3.7516164e-002
  1.3100000e-001 -1.1448574e-001  1.3100000e-001  3.9492171e-002
  1.3200000e-001 -6.8545484e-002  1.3200000e-001  1.1860317e-001
  1.3300000e-001 -2.5783813e-002  1.3300000e-001  1.9827046e-001
  1.3400000e-001  1.3043986e-002  1.3400000e-001  2.7679554e-001
  1.3500000e-001  4.7432849e-002  1.3500000e-001  3.5238052e-001
  1.3600000e-001  7.7123876e-002  1.3600000e-001  4.2318623e-001
  1.3700000e-001  1.0209126e-001  1.3700000e-001  4.8739367e-001
  1.3800000e-001  1.2252124e-001  1.3800000e-001  5.4326652e-001
  1.3900000e-001  1.3878453e-001  1.3900000e-001  5.8921269e-001
  1.4000000e-001  1.5140351e-001  1.4000000e-001  6.2384254e-001
  1.4100000e-001  1.6101608e-001  1.4100000e-001  6.4602185e-001
  1.4200000e-001  1.6833775e-001  1.4200000e-001  6.5491746e-001
  1.4300000e-001  1.7412354e-001  1.4300000e-001  6.5003399e-001
  1.4400000e-001  1.7913155e-001  1.4400000e-001  6.3124024e-001
  1.4500000e-001  1.8408933e-001  1.4500000e-001  5.9878416e-001
  1.4600000e-001  1.8966444e-001  1.4600000e-001  5.5329575e-001
  1.4700000e-001  1.9644024e-001  1.4700000e-001  4.9577769e-001
  1.4800000e-001  2.0489740e-001  1.4800000e-001  4.2758367e-001
  1.4900000e-001  2.1540178e-001  1.4900000e-001  3.5038515e-001
