  0.0000000e+000 -1.7119819e+000
  1.0000000e+000 -1.1652578e+000
  2.0000000e+000 -5.7207858e-001
  3.0000000e+000  4.3907637e-002
  4.0000000e+000  6.5814340e-001
  5.0000000e+000  1.2461411e+000
  6.0000000e+000  1.7844590e+000
  7.0000000e+000  2.2516362e+000
  8.0000000e+000  2.6290478e+000
  9.0000000e+000  2.9016475e+000
  1.0000000e+001  3.0585677e+000
  1.1000000e+001  3.0935525e+000
  1.2000000e+001  3.0052071e+000
  1.3000000e+001  2.7970535e+000
  1.4000000e+001  2.4773903e+000
  1.5000000e+001  2.0589613e+000
  1.6000000e+001  1.5584481e+000
  1.7000000e+001  9.9580440e-001
  1.8000000e+001  3.9346115e-001
  1.9000000e+001 -2.2456815e-001
  2.0000000e+001 -8.3364462e-001
  2.1000000e+001 -1.4094863e+000
  2.2000000e+001 -1.9291362e+000
  2.3000000e+001 -2.3718776e+000
  2.4000000e+001 -2.7200597e+000
  2.5000000e+001 -2.9598015e+000
  2.6000000e+001 -3.0815455e+000
  2.7000000e+001 -3.0804379e+000
  2.8000000e+001 -2.9565230e+000
  2.9000000e+001 -2.7147409e+000
  3.0000000e+001 -2.3647306e+000
  3.1000000e+001 -1.9204459e+000
  3.2000000e+001 -1.3995992e+000
  3.3000000e+001 -8.2295481e-001
  3.4000000e+001 -2.1350184e-001
  3.5000000e+001  4.0446278e-001
  3.6000000e+001  1.0063027e+000
  3.7000000e+001  1.5680246e+000
  3.8000000e+001  2.0672342e+000
  3.9000000e+001  2.4840298e+000
  4.0000000e+001  2.8017949e+000
  4.1000000e+001  3.0078613e+000
  4.2000000e+001  3.0940138e+000
  4.3000000e+001  3.0568177e+000
  4.4000000e+001  2.8977559e+000
  4.5000000e+001  2.6231697e+000
  4.6000000e+001  2.2440061e+000
  4.7000000e+001  1.7753810e+000
  4.8000000e+001  1.2359770e+000
  4.9000000e+001  6.4729859e-001
  5.0000000e+001  3.2814392e-002
  5.1000000e+001 -5.8297801e-001
  5.2000000e+001 -1.1755289e+000
  5.3000000e+001 -1.7212152e+000
  5.4000000e+001 -2.1982821e+000
  5.5000000e+001 -2.5877103e+000
  5.6000000e+001 -2.8739748e+000
  5.7000000e+001 -3.0456629e+000
  5.8000000e+001 -3.0959301e+000
  5.9000000e+001 -3.0227723e+000
  6.0000000e+001 -2.8291061e+000
  6.1000000e+001 -2.5226524e+000
  6.2000000e+001 -2.1156285e+000
  6.3000000e+001 -1.6242612e+000
  6.4000000e+001 -1.0681396e+000
  6.5000000e+001 -4.6943478e-001
  6.6000000e+001  1.4798497e-001
  6.7000000e+001  7.5950502e-001
  6.8000000e+001  1.3407460e+000
  6.9000000e+001  1.8685357e+000
  7.0000000e+001  2.3218327e+000
  7.1000000e+001  2.6825656e+000
  7.2000000e+001  2.9363531e+000
  7.3000000e+001  3.0730775e+000
  7.4000000e+001  3.0872879e+000
  7.5000000e+001  2.9784179e+000
  7.6000000e+001  2.7508078e+000
  7.7000000e+001  2.4135317e+000
  7.8000000e+001  1.9800357e+000
  7.9000000e+001  1.4676019e+000
  8.0000000e+001  8.9665943e-001
  8.1000000e+001  2.8996999e-001
  8.2000000e+001 -3.2827963e-001
  8.3000000e+001 -9.3344179e-001
  8.4000000e+001 -1.5013906e+000
  8.5000000e+001 -2.0094836e+000
  8.6000000e+001 -2.4374649e+000
  8.7000000e+001 -2.7682722e+000
  8.8000000e+001 -2.9887172e+000
  8.9000000e+001 -3.0900114e+000
  9.0000000e+001 -3.0681167e+000
  9.1000000e+001 -2.9239058e+000
  9.2000000e+001 -2.6631281e+000
  9.3000000e+001 -2.2961798e+000
  9.4000000e+001 -1.8376901e+000
  9.5000000e+001 -1.3059374e+000
  9.6000000e+001 -7.2212120e-001
  9.7000000e+001 -1.0951628e-001
  9.8000000e+001  5.0745472e-001
  9.9000000e+001  1.1041951e+000
  1.0000000e+002  1.6569147e+000
