 -6.0000000e+000  0.0000000e+000
 -5.9500000e+000  0.0000000e+000
 -5.9000000e+000  0.0000000e+000
 -5.8500000e+000  0.0000000e+000
 -5.8000000e+000  2.0000000e-003
 -5.7500000e+000  0.0000000e+000
 -5.7000000e+000  0.0000000e+000
 -5.6500000e+000  0.0000000e+000
 -5.6000000e+000  0.0000000e+000
 -5.5500000e+000  2.0000000e-003
 -5.5000000e+000  2.0000000e-003
 -5.4500000e+000  2.0000000e-003
 -5.4000000e+000  0.0000000e+000
 -5.3500000e+000  2.0000000e-003
 -5.3000000e+000  2.0000000e-003
 -5.2500000e+000  0.0000000e+000
 -5.2000000e+000  0.0000000e+000
 -5.1500000e+000  2.0000000e-003
 -5.1000000e+000  0.0000000e+000
 -5.0500000e+000  8.0000000e-003
 -5.0000000e+000  2.0000000e-003
 -4.9500000e+000  8.0000000e-003
 -4.9000000e+000  2.0000000e-003
 -4.8500000e+000  2.0000000e-003
 -4.8000000e+000  4.0000000e-003
 -4.7500000e+000  2.0000000e-003
 -4.7000000e+000  6.0000000e-003
 -4.6500000e+000  1.0000000e-002
 -4.6000000e+000  4.0000000e-003
 -4.5500000e+000  4.0000000e-003
 -4.5000000e+000  1.0000000e-002
 -4.4500000e+000  6.0000000e-003
 -4.4000000e+000  6.0000000e-003
 -4.3500000e+000  1.2000000e-002
 -4.3000000e+000  1.8000000e-002
 -4.2500000e+000  1.0000000e-002
 -4.2000000e+000  1.8000000e-002
 -4.1500000e+000  1.4000000e-002
 -4.1000000e+000  1.0000000e-002
 -4.0500000e+000  8.0000000e-003
 -4.0000000e+000  2.0000000e-002
 -3.9500000e+000  3.0000000e-002
 -3.9000000e+000  1.8000000e-002
 -3.8500000e+000  8.0000000e-003
 -3.8000000e+000  3.0000000e-002
 -3.7500000e+000  1.2000000e-002
 -3.7000000e+000  2.8000000e-002
 -3.6500000e+000  2.2000000e-002
 -3.6000000e+000  2.6000000e-002
 -3.5500000e+000  2.8000000e-002
 -3.5000000e+000  5.0000000e-002
 -3.4500000e+000  3.6000000e-002
 -3.4000000e+000  4.0000000e-002
 -3.3500000e+000  4.0000000e-002
 -3.3000000e+000  5.4000000e-002
 -3.2500000e+000  3.6000000e-002
 -3.2000000e+000  5.0000000e-002
 -3.1500000e+000  3.8000000e-002
 -3.1000000e+000  6.4000000e-002
 -3.0500000e+000  5.6000000e-002
 -3.0000000e+000  3.8000000e-002
 -2.9500000e+000  4.6000000e-002
 -2.9000000e+000  6.6000000e-002
 -2.8500000e+000  6.6000000e-002
 -2.8000000e+000  7.0000000e-002
 -2.7500000e+000  6.4000000e-002
 -2.7000000e+000  8.2000000e-002
 -2.6500000e+000  8.2000000e-002
 -2.6000000e+000  1.1000000e-001
 -2.5500000e+000  7.8000000e-002
 -2.5000000e+000  1.1200000e-001
 -2.4500000e+000  9.2000000e-002
 -2.4000000e+000  9.6000000e-002
 -2.3500000e+000  8.4000000e-002
 -2.3000000e+000  9.2000000e-002
 -2.2500000e+000  9.4000000e-002
 -2.2000000e+000  1.0600000e-001
 -2.1500000e+000  9.6000000e-002
 -2.1000000e+000  1.0200000e-001
 -2.0500000e+000  1.1800000e-001
 -2.0000000e+000  1.2400000e-001
 -1.9500000e+000  1.4400000e-001
 -1.9000000e+000  1.3400000e-001
 -1.8500000e+000  1.3400000e-001
 -1.8000000e+000  1.3200000e-001
 -1.7500000e+000  1.4800000e-001
 -1.7000000e+000  1.4600000e-001
 -1.6500000e+000  1.6200000e-001
 -1.6000000e+000  1.4400000e-001
 -1.5500000e+000  1.4800000e-001
 -1.5000000e+000  1.5400000e-001
 -1.4500000e+000  1.5600000e-001
 -1.4000000e+000  1.7600000e-001
 -1.3500000e+000  1.8600000e-001
 -1.3000000e+000  1.6200000e-001
 -1.2500000e+000  1.5400000e-001
 -1.2000000e+000  2.1400000e-001
 -1.1500000e+000  1.8800000e-001
 -1.1000000e+000  1.6600000e-001
 -1.0500000e+000  2.0400000e-001
 -1.0000000e+000  1.8400000e-001
 -9.5000000e-001  1.9800000e-001
 -9.0000000e-001  2.3200000e-001
 -8.5000000e-001  2.5600000e-001
 -8.0000000e-001  1.8400000e-001
 -7.5000000e-001  1.9800000e-001
 -7.0000000e-001  1.9000000e-001
 -6.5000000e-001  1.8800000e-001
 -6.0000000e-001  2.0800000e-001
 -5.5000000e-001  1.9200000e-001
 -5.0000000e-001  2.0800000e-001
 -4.5000000e-001  1.9800000e-001
 -4.0000000e-001  2.1400000e-001
 -3.5000000e-001  2.4600000e-001
 -3.0000000e-001  1.8200000e-001
 -2.5000000e-001  2.1400000e-001
 -2.0000000e-001  2.1800000e-001
 -1.5000000e-001  2.4400000e-001
 -1.0000000e-001  2.1200000e-001
 -5.0000000e-002  2.4800000e-001
  0.0000000e+000  2.4200000e-001
  5.0000000e-002  2.0000000e-001
  1.0000000e-001  2.0800000e-001
  1.5000000e-001  2.3000000e-001
  2.0000000e-001  2.4400000e-001
  2.5000000e-001  2.2200000e-001
  3.0000000e-001  2.2800000e-001
  3.5000000e-001  2.0600000e-001
  4.0000000e-001  2.3600000e-001
  4.5000000e-001  2.3600000e-001
  5.0000000e-001  2.0000000e-001
  5.5000000e-001  2.0200000e-001
  6.0000000e-001  1.9200000e-001
  6.5000000e-001  2.1200000e-001
  7.0000000e-001  2.1200000e-001
  7.5000000e-001  2.2000000e-001
  8.0000000e-001  1.9600000e-001
  8.5000000e-001  2.2200000e-001
  9.0000000e-001  2.0400000e-001
  9.5000000e-001  1.7400000e-001
  1.0000000e+000  1.6600000e-001
  1.0500000e+000  1.8600000e-001
  1.1000000e+000  1.9400000e-001
  1.1500000e+000  1.5000000e-001
  1.2000000e+000  1.7400000e-001
  1.2500000e+000  2.1400000e-001
  1.3000000e+000  1.8200000e-001
  1.3500000e+000  2.1600000e-001
  1.4000000e+000  1.6200000e-001
  1.4500000e+000  1.7000000e-001
  1.5000000e+000  1.5600000e-001
  1.5500000e+000  1.6800000e-001
  1.6000000e+000  1.5000000e-001
  1.6500000e+000  1.6000000e-001
  1.7000000e+000  1.4600000e-001
  1.7500000e+000  1.6200000e-001
  1.8000000e+000  1.3800000e-001
  1.8500000e+000  1.2400000e-001
  1.9000000e+000  1.5000000e-001
  1.9500000e+000  1.4000000e-001
  2.0000000e+000  1.1600000e-001
  2.0500000e+000  1.1400000e-001
  2.1000000e+000  1.0600000e-001
  2.1500000e+000  8.8000000e-002
  2.2000000e+000  1.1200000e-001
  2.2500000e+000  1.1400000e-001
  2.3000000e+000  1.0000000e-001
  2.3500000e+000  8.4000000e-002
  2.4000000e+000  8.8000000e-002
  2.4500000e+000  9.2000000e-002
  2.5000000e+000  8.4000000e-002
  2.5500000e+000  7.2000000e-002
  2.6000000e+000  7.8000000e-002
  2.6500000e+000  6.6000000e-002
  2.7000000e+000  7.0000000e-002
  2.7500000e+000  6.2000000e-002
  2.8000000e+000  5.2000000e-002
  2.8500000e+000  5.4000000e-002
  2.9000000e+000  4.0000000e-002
  2.9500000e+000  6.2000000e-002
  3.0000000e+000  4.8000000e-002
  3.0500000e+000  4.6000000e-002
  3.1000000e+000  5.6000000e-002
  3.1500000e+000  3.0000000e-002
  3.2000000e+000  4.4000000e-002
  3.2500000e+000  4.4000000e-002
  3.3000000e+000  4.2000000e-002
  3.3500000e+000  3.2000000e-002
  3.4000000e+000  2.4000000e-002
  3.4500000e+000  4.0000000e-002
  3.5000000e+000  2.2000000e-002
  3.5500000e+000  3.0000000e-002
  3.6000000e+000  3.6000000e-002
  3.6500000e+000  2.0000000e-002
  3.7000000e+000  2.2000000e-002
  3.7500000e+000  2.8000000e-002
  3.8000000e+000  2.2000000e-002
  3.8500000e+000  1.2000000e-002
  3.9000000e+000  2.0000000e-002
  3.9500000e+000  2.0000000e-002
  4.0000000e+000  1.8000000e-002
  4.0500000e+000  1.4000000e-002
  4.1000000e+000  1.2000000e-002
  4.1500000e+000  1.2000000e-002
  4.2000000e+000  6.0000000e-003
  4.2500000e+000  1.0000000e-002
  4.3000000e+000  6.0000000e-003
  4.3500000e+000  8.0000000e-003
  4.4000000e+000  1.2000000e-002
  4.4500000e+000  6.0000000e-003
  4.5000000e+000  4.0000000e-003
  4.5500000e+000  6.0000000e-003
  4.6000000e+000  6.0000000e-003
  4.6500000e+000  6.0000000e-003
  4.7000000e+000  8.0000000e-003
  4.7500000e+000  6.0000000e-003
  4.8000000e+000  6.0000000e-003
  4.8500000e+000  4.0000000e-003
  4.9000000e+000  2.0000000e-003
  4.9500000e+000  0.0000000e+000
  5.0000000e+000  2.0000000e-003
  5.0500000e+000  4.0000000e-003
  5.1000000e+000  0.0000000e+000
  5.1500000e+000  0.0000000e+000
  5.2000000e+000  0.0000000e+000
  5.2500000e+000  2.0000000e-003
  5.3000000e+000  0.0000000e+000
  5.3500000e+000  2.0000000e-003
  5.4000000e+000  2.0000000e-003
  5.4500000e+000  0.0000000e+000
  5.5000000e+000  2.0000000e-003
  5.5500000e+000  0.0000000e+000
  5.6000000e+000  0.0000000e+000
  5.6500000e+000  0.0000000e+000
  5.7000000e+000  0.0000000e+000
  5.7500000e+000  0.0000000e+000
  5.8000000e+000  0.0000000e+000
  5.8500000e+000  0.0000000e+000
  5.9000000e+000  0.0000000e+000
  5.9500000e+000  0.0000000e+000
