  0.0000000e+000 -6.3541993e-001  0.0000000e+000  1.0000000e-001
  1.0000000e+000 -6.1930126e-001  1.0000000e+000  2.1688201e-001
  2.0000000e+000 -5.7158787e-001  2.0000000e+000  3.2910431e-001
  3.0000000e+000 -4.9418194e-001  3.0000000e+000  4.3219294e-001
  4.0000000e+000 -3.9016939e-001  4.0000000e+000  5.2203809e-001
  5.0000000e+000 -2.6369688e-001  5.0000000e+000  5.9505791e-001
  6.0000000e+000 -1.1980646e-001  6.0000000e+000  6.4834133e-001
  7.0000000e+000  3.5765399e-002  7.0000000e+000  6.7976412e-001
  8.0000000e+000  1.9681654e-001  8.0000000e+000  6.8807354e-001
  9.0000000e+000  3.5692638e-001  9.0000000e+000  6.7293832e-001
  1.0000000e+001  5.0971182e-001  1.0000000e+001  6.3496186e-001
  1.1000000e+001  6.4908180e-001  1.1000000e+001  5.7565816e-001
  1.2000000e+001  7.6948008e-001  1.2000000e+001  4.9739147e-001
  1.3000000e+001  8.6610676e-001  1.3000000e+001  4.0328203e-001
  1.4000000e+001  9.3510963e-001  1.4000000e+001  2.9708170e-001
  1.5000000e+001  9.7373777e-001  1.5000000e+001  1.8302434e-001
  1.6000000e+001  9.8045120e-001  1.6000000e+001  6.5657067e-002
  1.7000000e+001  9.5498228e-001  1.7000000e+001 -5.0341065e-002
  1.8000000e+001  8.9834636e-001  1.8000000e+001 -1.6034557e-001
  1.9000000e+001  8.1280135e-001  1.9000000e+001 -2.5997093e-001
  2.0000000e+001  7.0175766e-001  2.0000000e+001 -3.4524537e-001
  2.1000000e+001  5.6964224e-001  2.1000000e+001 -4.1276929e-001
  2.2000000e+001  4.2172212e-001  2.2000000e+001 -4.5985072e-001
  2.3000000e+001  2.6389442e-001  2.3000000e+001 -4.8461266e-001
  2.4000000e+001  1.0245121e-001  2.4000000e+001 -4.8606794e-001
  2.5000000e+001 -5.6171256e-002  2.5000000e+001 -4.6415855e-001
  2.6000000e+001 -2.0564922e-001  2.6000000e+001 -4.1975793e-001
  2.7000000e+001 -3.4002345e-001  2.7000000e+001 -3.5463620e-001
  2.8000000e+001 -4.5393688e-001  2.8000000e+001 -2.7138956e-001
  2.9000000e+001 -5.4284815e-001  2.9000000e+001 -1.7333680e-001
  3.0000000e+001 -6.0321262e-001  3.0000000e+001 -6.4386955e-002
  3.1000000e+001 -6.3262378e-001  3.1000000e+001  5.1116477e-002
  3.2000000e+001 -6.2990908e-001  3.2000000e+001  1.6856874e-001
  3.3000000e+001 -5.9517676e-001  3.3000000e+001  2.8328739e-001
  3.4000000e+001 -5.2981147e-001  3.4000000e+001  3.9069894e-001
  3.5000000e+001 -4.3641914e-001  3.5000000e+001  4.8652125e-001
  3.6000000e+001 -3.1872301e-001  3.6000000e+001  5.6693417e-001
  3.7000000e+001 -1.8141526e-001  3.7000000e+001  6.2873190e-001
  3.8000000e+001 -2.9969911e-002  3.8000000e+001  6.6945076e-001
  3.9000000e+001  1.2957538e-001  3.9000000e+001  6.8746741e-001
  4.0000000e+001  2.9086005e-001  4.0000000e+001  6.8206360e-001
  4.1000000e+001  4.4745418e-001  4.1000000e+001  6.5345474e-001
  4.2000000e+001  5.9311487e-001  4.2000000e+001  6.0278139e-001
  4.3000000e+001  7.2203508e-001  4.3000000e+001  5.3206373e-001
  4.4000000e+001  8.2907518e-001  4.4000000e+001  4.4412106e-001
  4.5000000e+001  9.0996780e-001  4.5000000e+001  3.4245936e-001
  4.6000000e+001  9.6148801e-001  4.6000000e+001  2.3113157e-001
  4.7000000e+001  9.8158187e-001  4.7000000e+001  1.1457599e-001
  4.8000000e+001  9.6944831e-001  4.8000000e+001 -2.5606987e-003
  4.9000000e+001  9.2557103e-001  4.9000000e+001 -1.1560861e-001
  5.0000000e+001  8.5169930e-001  5.0000000e+001 -2.2006089e-001
  5.1000000e+001  7.5077815e-001  5.1000000e+001 -3.1175335e-001
  5.2000000e+001  6.2683098e-001  5.2000000e+001 -3.8703051e-001
  5.3000000e+001  4.8479918e-001  5.3000000e+001 -4.4289129e-001
  5.4000000e+001  3.3034510e-001  5.4000000e+001 -4.7710872e-001
  5.5000000e+001  1.6962635e-001  5.5000000e+001 -4.8831864e-001
  5.6000000e+001  9.0502713e-003  5.6000000e+001 -4.7607415e-001
  5.7000000e+001 -1.4498147e-001  5.7000000e+001 -4.4086340e-001
  5.8000000e+001 -2.8632813e-001  5.8000000e+001 -3.8409014e-001
  5.9000000e+001 -4.0935464e-001  5.9000000e+001 -3.0801773e-001
  6.0000000e+001 -5.0915633e-001  6.0000000e+001 -2.1567894e-001
  6.1000000e+001 -5.8175443e-001  6.1000000e+001 -1.1075503e-001
  6.2000000e+001 -6.2425468e-001  6.2000000e+001  2.5710231e-003
  6.3000000e+001 -6.3496272e-001  6.3000000e+001  1.1978126e-001
  6.4000000e+001 -6.1345166e-001  6.4000000e+001  2.3620288e-001
  6.5000000e+001 -5.6057908e-001  6.5000000e+001  3.4719452e-001
  6.6000000e+001 -4.7845284e-001  6.6000000e+001  4.4833129e-001
  6.7000000e+001 -3.7034706e-001  6.7000000e+001  5.3558120e-001
  6.8000000e+001 -2.4057156e-001  6.8000000e+001  6.0546586e-001
  6.9000000e+001 -9.4300102e-002  6.9000000e+001  6.5519919e-001
  7.0000000e+001  6.2635947e-002  7.0000000e+001  6.8279848e-001
  7.1000000e+001  2.2398004e-001  7.1000000e+001  6.8716343e-001
  7.2000000e+001  3.8329989e-001  7.2000000e+001  6.6812003e-001
  7.3000000e+001  5.3424393e-001  7.3000000e+001  6.2642748e-001
  7.4000000e+001  6.7079449e-001  7.4000000e+001  5.6374792e-001
  7.5000000e+001  7.8750772e-001  7.5000000e+001  4.8258020e-001
  7.6000000e+001  8.7973066e-001  7.6000000e+001  3.8616022e-001
  7.7000000e+001  9.4378664e-001  7.7000000e+001  2.7833192e-001
  7.8000000e+001  9.7712197e-001  7.8000000e+001  1.6339410e-001
  7.9000000e+001  9.7840767e-001  7.9000000e+001  4.5928958e-002
  8.0000000e+001  9.4759249e-001  8.0000000e+001 -6.9380546e-002
  8.1000000e+001  8.8590492e-001  8.1000000e+001 -1.7793738e-001
  8.2000000e+001  7.9580426e-001  8.2000000e+001 -2.7541373e-001
  8.3000000e+001  6.8088253e-001  8.3000000e+001 -3.5792352e-001
  8.4000000e+001  5.4572131e-001  8.4000000e+001 -4.2217734e-001
  8.5000000e+001  3.9570904e-001  8.5000000e+001 -4.6561360e-001
  8.6000000e+001  2.3682624e-001  8.6000000e+001 -4.8650063e-001
  8.7000000e+001  7.5407061e-002  8.7000000e+001 -4.8400573e-001
  8.8000000e+001 -8.2113215e-002  8.8000000e+001 -4.5822837e-001
  8.9000000e+001 -2.2945476e-001  8.9000000e+001 -4.1019620e-001
  9.0000000e+001 -3.6074352e-001  9.0000000e+001 -3.4182412e-001
  9.1000000e+001 -4.7074544e-001  9.1000000e+001 -2.5583791e-001
  9.2000000e+001 -5.5507509e-001  9.2000000e+001 -1.5566556e-001
  9.3000000e+001 -6.1037050e-001  9.3000000e+001 -4.5300631e-002
  9.4000000e+001 -6.3442722e-001  9.4000000e+001  7.0856974e-002
  9.5000000e+001 -6.2628620e-001  9.5000000e+001  1.8817642e-001
  9.6000000e+001 -5.8627198e-001  9.6000000e+001  3.0198055e-001
  9.7000000e+001 -5.1597981e-001  9.7000000e+001  4.0773235e-001
  9.8000000e+001 -4.1821201e-001  9.8000000e+001  5.0121584e-001
  9.9000000e+001 -2.9686627e-001  9.9000000e+001  5.7870411e-001
  1.0000000e+002 -1.5678028e-001  1.0000000e+002  6.3710797e-001
