 -2.3487698e-001  3.2960000e+000
 -1.8487698e-001  1.2880000e+000
 -1.3487698e-001  1.1560000e+000
 -8.4876981e-002  9.2400000e-001
 -3.4876981e-002  8.1200000e-001
  1.5123019e-002  8.2000000e-001
  6.5123019e-002  7.8000000e-001
  1.1512302e-001  7.7800000e-001
  1.6512302e-001  8.0400000e-001
  2.1512302e-001  7.9000000e-001
  2.6512302e-001  7.8800000e-001
  3.1512302e-001  8.3000000e-001
  3.6512302e-001  9.9400000e-001
  4.1512302e-001  1.0000000e+000
  4.6512302e-001  1.2540000e+000
  5.1512302e-001  1.9120000e+000
 -8.1294525e-001  2.0460000e+000
 -7.6294525e-001  8.8000000e-001
 -7.1294525e-001  6.6000000e-001
 -6.6294525e-001  5.7800000e-001
 -6.1294525e-001  5.2400000e-001
 -5.6294525e-001  4.4400000e-001
 -5.1294525e-001  4.2800000e-001
 -4.6294525e-001  4.2800000e-001
 -4.1294525e-001  4.4600000e-001
 -3.6294525e-001  3.7600000e-001
 -3.1294525e-001  3.5800000e-001
 -2.6294525e-001  4.1200000e-001
 -2.1294525e-001  3.6600000e-001
 -1.6294525e-001  3.4400000e-001
 -1.1294525e-001  3.8600000e-001
 -6.2945251e-002  3.6600000e-001
 -1.2945251e-002  3.6200000e-001
  3.7054749e-002  3.5400000e-001
  8.7054749e-002  3.4000000e-001
  1.3705475e-001  3.8400000e-001
  1.8705475e-001  3.7000000e-001
  2.3705475e-001  3.7800000e-001
  2.8705475e-001  3.4200000e-001
  3.3705475e-001  3.6400000e-001
  3.8705475e-001  3.9600000e-001
  4.3705475e-001  3.6800000e-001
  4.8705475e-001  3.6400000e-001
  5.3705475e-001  4.0600000e-001
  5.8705475e-001  4.2800000e-001
  6.3705475e-001  4.2800000e-001
  6.8705475e-001  4.9000000e-001
  7.3705475e-001  5.4200000e-001
  7.8705475e-001  5.5400000e-001
  8.3705475e-001  6.9000000e-001
  8.8705475e-001  7.6000000e-001
  9.3705475e-001  1.1060000e+000
